Time (ms),Nset (1/min),Torque (Nm),Current (V),Angle (deg),Depth (mm)
0.0,0.0,0.00070425414,-0.0140380859,0.0,0.12890625
1.0,4.0,-0.00281701656,-0.00244140625,0.0,0.138671875
2.0,8.0,0.0,0.07141113,0.13333334,0.125
3.0,12.0,0.00352127058,0.187988281,0.13333334,0.130859375
4.0,16.0,0.009859558,0.2722168,0.13333334,0.130859375
5.0,20.0,0.0154935913,0.313110352,0.266666681,0.1328125
6.0,24.0,0.0169021,0.299682617,0.4,0.125
7.0,28.0,0.0190148614,0.283813477,0.533333361,0.130859375
8.0,32.0,0.02042337,0.2975464,0.8,0.12890625
9.0,36.0,0.0295786746,0.299377441,0.933333337,0.126953125
10.0,40.0,0.03239569,0.319213867,1.2,0.125
11.0,44.0,0.0295786746,0.320739746,1.4666667,0.12890625
12.0,48.0,0.0260574035,0.302734375,1.73333335,0.130859375
13.0,52.0,0.0295786746,0.293884277,2.0,0.130859375
14.0,56.0,0.02394464,0.299377441,2.26666665,0.126953125
15.0,60.0,0.0211276244,0.314331055,2.66666675,0.130859375
16.0,64.0,0.0232403874,0.321044922,3.0666666,0.130859375
17.0,68.0,0.0232403874,0.322265625,3.4666667,0.130859375
18.0,72.0,0.0246488955,0.335388184,3.86666656,0.125
19.0,76.0,0.02394464,0.335083,4.266667,0.125
20.0,80.0,0.0225361325,0.334777832,4.8,0.125
21.0,84.0,0.05915735,0.335388184,5.2,0.125
22.0,88.0,0.135921046,0.371398926,5.733333,0.12890625
23.0,92.0,0.0725381747,0.430603027,6.266667,0.1328125
24.0,96.0,0.0380297229,0.4385376,6.8,0.125
25.0,100.0,0.0338042,0.3994751,7.4666667,0.12890625
26.0,104.0,0.0366212167,0.343322754,8.0,0.130859375
27.0,108.0,0.0380297229,0.3579712,8.666667,0.134765625
28.0,112.0,0.0366212167,0.3955078,9.333333,0.125
29.0,116.0,0.0338042,0.395813,10.0,0.130859375
30.0,120.0,0.0338042,0.391235352,10.8,0.126953125
31.0,124.0,0.03450845,0.3945923,11.4666662,0.126953125
32.0,128.0,0.0373254679,0.395202637,12.2666664,0.130859375
33.0,132.0,0.0267616566,0.3945923,13.0666666,0.1328125
34.0,136.0,0.0401424877,0.394897461,13.8666668,0.12890625
35.0,140.0,0.04084674,0.415039063,14.666667,0.12890625
36.0,144.0,0.03591696,0.432434082,15.4666662,0.125
37.0,148.0,0.0373254679,0.418396,16.4,0.1328125
38.0,152.0,0.0373254679,0.3955078,17.2,0.1328125
39.0,156.0,0.0394382328,0.4156494,18.1333332,0.125
40.0,160.0,0.0436637551,0.416870117,19.2,0.134765625
41.0,164.0,0.0415509939,0.4220581,20.1333332,0.130859375
42.0,168.0,0.0330999456,0.418396,21.0666676,0.123046875
43.0,172.0,0.0366212167,0.43762207,22.1333332,0.130859375
44.0,176.0,0.0387339778,0.421447754,23.2,0.1328125
45.0,180.0,0.0429595038,0.4156494,24.2666664,0.125
46.0,184.0,0.045072265,0.432739258,25.333334,0.126953125
47.0,188.0,0.0401424877,0.437927246,26.4,0.130859375
48.0,192.0,0.0330999456,0.440979,27.6,0.12890625
49.0,196.0,0.0436637551,0.41809082,28.8,0.1328125
50.0,200.0,0.04225525,0.416564941,29.8666668,0.12109375
51.0,204.0,0.0436637551,0.433044434,31.2,0.1328125
52.0,208.0,0.0436637551,0.4547119,32.4,0.1328125
53.0,212.0,0.04436801,0.474243164,33.6,0.130859375
54.0,216.0,0.0464807749,0.4385376,34.9333344,0.12890625
55.0,220.0,0.0380297229,0.450134277,36.2666664,0.126953125
56.0,224.0,0.03591696,0.474853516,37.6,0.125
57.0,228.0,0.0338042,0.475463867,38.9333344,0.134765625
58.0,232.0,0.0415509939,0.4751587,40.2666664,0.126953125
59.0,236.0,0.0415509939,0.474853516,41.7333336,0.126953125
60.0,240.0,0.0429595038,0.495910645,43.0666656,0.134765625
61.0,244.0,0.03239569,0.497131348,44.5333328,0.12890625
62.0,248.0,0.045072265,0.4812622,46.0,0.125
63.0,250.0,0.0338042,0.47454834,47.4666672,0.134765625
64.0,250.0,0.0366212167,0.438232422,49.0666656,0.12890625
65.0,250.0,0.0295786746,0.342102051,50.5333328,0.130859375
66.0,250.0,0.0253531486,0.2984619,52.0,0.130859375
67.0,250.0,0.0394382328,0.297851563,53.4666672,0.125
68.0,250.0,0.0253531486,0.3338623,55.0666656,0.1328125
69.0,250.0,0.02887442,0.335998535,56.5333328,0.125
70.0,250.0,0.02887442,0.32043457,58.0,0.123046875
71.0,250.0,0.03450845,0.315246582,59.4666672,0.126953125
72.0,250.0,0.02042337,0.3189087,60.9333344,0.130859375
73.0,250.0,0.0302829277,0.318603516,62.5333328,0.126953125
74.0,250.0,0.0330999456,0.299377441,64.0,0.12890625
75.0,250.0,0.03591696,0.2984619,65.46667,0.126953125
76.0,250.0,0.0274659116,0.314331055,66.9333344,0.126953125
77.0,250.0,0.0295786746,0.319213867,68.4,0.126953125
78.0,250.0,0.0394382328,0.2999878,70.0,0.1328125
79.0,250.0,0.0309871826,0.298156738,71.46667,0.126953125
80.0,250.0,0.0267616566,0.302734375,72.9333344,0.130859375
81.0,250.0,0.0338042,0.278015137,74.4,0.13671875
82.0,250.0,0.0387339778,0.276489258,75.86667,0.126953125
83.0,250.0,0.02042337,0.296630859,77.46667,0.12890625
84.0,250.0,0.0380297229,0.303344727,78.9333344,0.1328125
85.0,250.0,0.0380297229,0.283203125,80.4,0.12890625
86.0,250.0,0.0338042,0.298156738,81.86667,0.12890625
87.0,250.0,0.00352127058,0.319519043,83.3333359,0.1328125
88.0,250.0,0.0401424877,0.3036499,84.8,0.12890625
89.0,250.0,0.0197191164,0.297851563,86.4,0.12890625
90.0,250.0,0.0232403874,0.317993164,87.86667,0.1328125
91.0,250.0,0.0197191164,0.32043457,89.3333359,0.1328125
92.0,250.0,0.0415509939,0.2972412,90.8,0.126953125
93.0,250.0,0.0394382328,0.317993164,92.26667,0.126953125
94.0,250.0,0.004225525,0.335388184,93.73333,0.12890625
95.0,250.0,0.0267616566,0.319824219,95.3333359,0.125
96.0,250.0,0.0232403874,0.314331055,96.8,0.12890625
97.0,250.0,0.0218318775,0.319519043,98.26667,0.1328125
98.0,250.0,0.0218318775,0.319824219,99.73333,0.125
99.0,250.0,0.0380297229,0.319519043,101.2,0.130859375
100.0,250.0,0.045072265,0.319824219,102.8,0.126953125
101.0,250.0,0.0281701647,0.335693359,104.26667,0.12890625
102.0,250.0,0.0246488955,0.319213867,105.73333,0.125
103.0,250.0,0.02394464,0.319519043,107.2,0.126953125
104.0,250.0,0.0330999456,0.319519043,108.666664,0.130859375
105.0,250.0,0.03239569,0.319519043,110.133331,0.12890625
106.0,250.0,0.0232403874,0.318603516,111.73333,0.130859375
107.0,250.0,0.0274659116,0.297851563,113.2,0.1328125
108.0,250.0,0.0316914357,0.2984619,114.666664,0.126953125
109.0,250.0,0.0295786746,0.297851563,116.133331,0.130859375
110.0,250.0,0.0338042,0.31463623,117.6,0.12890625
111.0,250.0,0.0302829277,0.318603516,119.2,0.12890625
112.0,250.0,0.02394464,0.297851563,120.666664,0.126953125
113.0,250.0,0.0281701647,0.278015137,122.133331,0.1328125
114.0,250.0,0.02887442,0.2770996,123.6,0.12890625
115.0,250.0,0.0352127068,0.296630859,125.066666,0.126953125
116.0,250.0,0.0295786746,0.2984619,126.533333,0.12890625
117.0,250.0,0.0373254679,0.297851563,128.133331,0.12890625
118.0,250.0,0.0295786746,0.297851563,129.6,0.12890625
119.0,250.0,0.0330999456,0.2984619,131.066666,0.130859375
120.0,250.0,0.02394464,0.2972412,132.53334,0.1328125
121.0,250.0,0.0338042,0.297851563,134.0,0.126953125
122.0,250.0,0.0295786746,0.2987671,135.46666,0.130859375
123.0,250.0,0.0281701647,0.2987671,137.066666,0.130859375
124.0,250.0,0.02042337,0.298156738,138.53334,0.130859375
125.0,250.0,0.0330999456,0.3024292,140.0,0.130859375
126.0,250.0,0.0316914357,0.3036499,141.46666,0.126953125
127.0,250.0,0.0232403874,0.298156738,142.933334,0.1328125
128.0,250.0,0.0281701647,0.319213867,144.4,0.12890625
129.0,250.0,0.0274659116,0.335693359,146.0,0.130859375
130.0,250.0,0.0302829277,0.335998535,147.46666,0.126953125
131.0,250.0,0.0232403874,0.319519043,148.933334,0.125
132.0,250.0,0.0380297229,0.319824219,150.4,0.1328125
133.0,250.0,0.0176063534,0.32043457,151.866669,0.130859375
134.0,250.0,0.0309871826,0.319213867,153.333328,0.125
135.0,250.0,0.0225361325,0.319824219,154.933334,0.12890625
136.0,250.0,0.0330999456,0.319824219,156.4,0.130859375
137.0,250.0,0.0274659116,0.318603516,157.866669,0.12890625
138.0,250.0,0.0316914357,0.31463623,159.333328,0.1328125
139.0,250.0,0.0309871826,0.319824219,160.8,0.1328125
140.0,250.0,0.0274659116,0.2987671,162.4,0.1328125
141.0,250.0,0.03450845,0.2972412,163.866669,0.12109375
142.0,250.0,0.0267616566,0.2984619,165.333328,0.130859375
143.0,250.0,0.0260574035,0.2975464,166.8,0.12890625
144.0,250.0,0.0253531486,0.298156738,168.266663,0.12890625
145.0,250.0,0.0338042,0.2770996,169.733337,0.134765625
146.0,250.0,0.0302829277,0.276489258,171.333328,0.12890625
147.0,250.0,0.0302829277,0.276794434,172.8,0.12890625
148.0,250.0,0.03239569,0.296936035,174.266663,0.125
149.0,250.0,0.03239569,0.2923584,175.733337,0.1328125
150.0,250.0,0.0309871826,0.2975464,177.2,0.126953125
151.0,250.0,0.0267616566,0.296325684,178.8,0.134765625
152.0,250.0,0.0387339778,0.276184082,180.266663,0.12890625
153.0,250.0,0.0330999456,0.291748047,181.733337,0.130859375
154.0,250.0,0.02887442,0.313110352,183.2,0.126953125
155.0,250.0,0.03450845,0.303344727,184.666672,0.12890625
156.0,250.0,0.0352127068,0.298156738,186.133331,0.125
157.0,250.0,0.0281701647,0.297851563,187.733337,0.125
158.0,250.0,0.0316914357,0.298156738,189.2,0.12890625
159.0,250.0,0.0387339778,0.2972412,190.666672,0.123046875
160.0,250.0,0.0366212167,0.2984619,192.133331,0.12890625
161.0,250.0,0.0211276244,0.319824219,193.6,0.134765625
162.0,250.0,0.0281701647,0.3036499,195.066666,0.134765625
163.0,250.0,0.0316914357,0.297851563,196.666672,0.125
164.0,250.0,0.0330999456,0.319213867,198.133331,0.12890625
165.0,250.0,0.02042337,0.302124023,199.6,0.1328125
166.0,250.0,0.0295786746,0.298156738,201.066666,0.125
167.0,250.0,0.0366212167,0.2987671,202.53334,0.130859375
168.0,250.0,0.0295786746,0.319213867,204.0,0.1328125
169.0,250.0,0.0309871826,0.31829834,205.6,0.12890625
170.0,250.0,0.02887442,0.299377441,207.066666,0.130859375
171.0,250.0,0.0309871826,0.319213867,208.53334,0.12890625
172.0,250.0,0.0316914357,0.298156738,210.0,0.125
173.0,250.0,0.0330999456,0.2975464,211.46666,0.126953125
174.0,250.0,0.0260574035,0.319824219,212.933334,0.134765625
175.0,250.0,0.0330999456,0.303344727,214.53334,0.130859375
176.0,250.0,0.0316914357,0.2984619,216.0,0.123046875
177.0,250.0,0.0295786746,0.2975464,217.46666,0.13671875
178.0,250.0,0.0281701647,0.276794434,218.933334,0.126953125
179.0,250.0,0.03450845,0.296936035,220.4,0.12890625
180.0,250.0,0.0338042,0.2984619,222.0,0.130859375
181.0,250.0,0.0309871826,0.298156738,223.46666,0.12890625
182.0,250.0,0.0281701647,0.297851563,224.933334,0.12890625
183.0,250.0,0.03239569,0.2770996,226.4,0.1328125
184.0,250.0,0.0338042,0.2770996,227.866669,0.134765625
185.0,250.0,0.0366212167,0.276489258,229.333328,0.1328125
186.0,250.0,0.0218318775,0.2975464,230.933334,0.1328125
187.0,250.0,0.0295786746,0.2984619,232.4,0.125
188.0,250.0,0.0267616566,0.298156738,233.866669,0.130859375
189.0,250.0,0.03239569,0.297851563,235.333328,0.1328125
190.0,250.0,0.0338042,0.2987671,236.8,0.1328125
191.0,250.0,0.0352127068,0.298156738,238.266663,0.1328125
192.0,250.0,0.03450845,0.299072266,239.866669,0.126953125
193.0,250.0,0.0253531486,0.319213867,241.333328,0.134765625
194.0,250.0,0.0211276244,0.299377441,242.8,0.126953125
195.0,250.0,0.0253531486,0.2984619,244.266663,0.126953125
196.0,250.0,0.02394464,0.299377441,245.733337,0.1328125
197.0,250.0,0.0267616566,0.2987671,247.2,0.12890625
198.0,250.0,0.03239569,0.297851563,248.8,0.126953125
199.0,250.0,0.0338042,0.3173828,250.266663,0.12890625
200.0,250.0,0.03591696,0.319519043,251.733337,0.1328125
201.0,250.0,0.03591696,0.318603516,253.2,0.126953125
202.0,250.0,0.0267616566,0.299682617,254.666672,0.12890625
203.0,250.0,0.0267616566,0.2984619,256.266663,0.12890625
204.0,250.0,0.0330999456,0.297851563,257.733337,0.126953125
205.0,250.0,0.0295786746,0.296936035,259.2,0.130859375
206.0,250.0,0.0380297229,0.2984619,260.666656,0.1328125
207.0,250.0,0.0274659116,0.297851563,262.133331,0.126953125
208.0,250.0,0.0295786746,0.283203125,263.6,0.12890625
209.0,250.0,0.0295786746,0.2972412,265.2,0.1328125
210.0,250.0,0.0380297229,0.276794434,266.666656,0.12890625
211.0,250.0,0.0218318775,0.276489258,268.133331,0.126953125
212.0,250.0,0.03450845,0.276184082,269.6,0.130859375
213.0,250.0,0.0295786746,0.296630859,271.066681,0.126953125
214.0,250.0,0.0295786746,0.2972412,272.533325,0.126953125
215.0,250.0,0.0295786746,0.277709961,274.133331,0.125
216.0,250.0,0.0338042,0.276184082,275.6,0.1328125
217.0,250.0,0.0267616566,0.292663574,277.066681,0.125
218.0,250.0,0.0161978453,0.2984619,278.533325,0.1328125
219.0,250.0,0.0302829277,0.2972412,280.0,0.12890625
220.0,250.0,0.0366212167,0.2972412,281.6,0.130859375
221.0,250.0,0.0253531486,0.298156738,283.066681,0.125
222.0,250.0,0.0197191164,0.2984619,284.533325,0.130859375
223.0,250.0,0.0260574035,0.2984619,286.0,0.126953125
224.0,250.0,0.0267616566,0.296936035,287.466675,0.1328125
225.0,250.0,0.0316914357,0.298156738,288.933319,0.130859375
226.0,250.0,0.0281701647,0.298156738,290.4,0.130859375
227.0,250.0,0.0309871826,0.31829834,292.0,0.12890625
228.0,250.0,0.0309871826,0.319824219,293.466675,0.1328125
229.0,250.0,0.0253531486,0.303955078,294.933319,0.12890625
230.0,250.0,0.0281701647,0.3189087,296.4,0.12890625
231.0,250.0,0.0338042,0.304260254,297.866669,0.130859375
232.0,250.0,0.0316914357,0.314025879,299.466675,0.130859375
233.0,250.0,0.0232403874,0.298156738,300.933319,0.126953125
234.0,250.0,0.0330999456,0.3189087,302.4,0.130859375
235.0,250.0,0.03450845,0.299072266,303.866669,0.130859375
236.0,250.0,0.0281701647,0.296630859,305.333344,0.125
237.0,250.0,0.0274659116,0.2975464,306.8,0.12890625
238.0,250.0,0.0380297229,0.2975464,308.4,0.1328125
239.0,250.0,0.0253531486,0.2972412,309.866669,0.125
240.0,250.0,0.0267616566,0.296936035,311.333344,0.126953125
241.0,250.0,0.0281701647,0.2984619,312.8,0.130859375
242.0,250.0,0.03239569,0.277709961,314.266663,0.12890625
243.0,250.0,0.0232403874,0.276184082,315.733337,0.125
244.0,250.0,0.0232403874,0.297851563,317.333344,0.140625
245.0,250.0,0.0274659116,0.2987671,318.8,0.12890625
246.0,250.0,0.0352127068,0.2975464,320.266663,0.12890625
247.0,250.0,0.0338042,0.299072266,321.733337,0.1328125
248.0,250.0,0.02394464,0.318603516,323.2,0.12890625
249.0,250.0,0.02394464,0.302124023,324.666656,0.12890625
250.0,250.0,0.0260574035,0.2984619,326.266663,0.134765625
251.0,250.0,0.0232403874,0.297851563,327.733337,0.126953125
252.0,250.0,0.0154935913,0.317688,329.2,0.130859375
253.0,250.0,0.03239569,0.299072266,330.666656,0.130859375
254.0,250.0,0.0267616566,0.297851563,332.133331,0.130859375
255.0,250.0,0.0211276244,0.2972412,333.733337,0.12890625
256.0,250.0,0.0274659116,0.2975464,335.2,0.130859375
257.0,250.0,0.0394382328,0.317993164,336.666656,0.130859375
258.0,250.0,0.0309871826,0.3189087,338.133331,0.126953125
259.0,250.0,0.0161978453,0.334777832,339.6,0.12890625
260.0,250.0,0.0253531486,0.319519043,341.066681,0.130859375
261.0,250.0,0.0309871826,0.2975464,342.666656,0.12890625
262.0,250.0,0.0295786746,0.297851563,344.133331,0.1328125
263.0,250.0,0.0211276244,0.3189087,345.6,0.12890625
264.0,250.0,0.03239569,0.318603516,347.066681,0.130859375
265.0,250.0,0.02887442,0.3137207,348.533325,0.125
266.0,250.0,0.02887442,0.31829834,350.0,0.130859375
267.0,250.0,0.0281701647,0.298156738,351.6,0.12890625
268.0,250.0,0.0401424877,0.2975464,353.066681,0.126953125
269.0,250.0,0.0267616566,0.296936035,354.533325,0.126953125
270.0,250.0,0.0260574035,0.317993164,356.0,0.130859375
271.0,250.0,0.02887442,0.298156738,357.466675,0.130859375
272.0,250.0,0.0366212167,0.277709961,358.933319,0.12890625
273.0,250.0,0.0211276244,0.297851563,360.533325,0.1328125
274.0,250.0,0.0260574035,0.2960205,362.0,0.130859375
275.0,250.0,0.03239569,0.2758789,363.466675,0.130859375
276.0,250.0,0.0274659116,0.2972412,364.933319,0.126953125
277.0,250.0,0.0295786746,0.3125,366.4,0.125
278.0,250.0,0.0338042,0.298156738,367.866669,0.1328125
279.0,250.0,0.03239569,0.2984619,369.466675,0.1328125
280.0,250.0,0.0183106083,0.298156738,370.933319,0.134765625
281.0,250.0,0.0302829277,0.299072266,372.4,0.123046875
282.0,250.0,0.0309871826,0.2987671,373.866669,0.130859375
283.0,250.0,0.0295786746,0.314331055,375.333344,0.126953125
284.0,250.0,0.0316914357,0.319519043,376.933319,0.125
285.0,250.0,0.02042337,0.303955078,378.4,0.1328125
286.0,250.0,0.02887442,0.299072266,379.866669,0.134765625
287.0,250.0,0.0246488955,0.318603516,381.333344,0.125
288.0,250.0,0.0274659116,0.3024292,382.8,0.12890625
289.0,250.0,0.0211276244,0.31829834,384.266663,0.134765625
290.0,250.0,0.02887442,0.330810547,385.866669,0.130859375
291.0,250.0,0.0366212167,0.3225708,387.333344,0.1328125
292.0,250.0,0.0225361325,0.319824219,388.8,0.130859375
293.0,250.0,0.0232403874,0.319824219,390.266663,0.130859375
294.0,250.0,0.0274659116,0.318603516,391.733337,0.126953125
295.0,250.0,0.0295786746,0.2987671,393.2,0.130859375
296.0,250.0,0.0225361325,0.2972412,394.8,0.12890625
297.0,250.0,0.0260574035,0.319213867,396.266663,0.130859375
298.0,250.0,0.03591696,0.319519043,397.733337,0.12890625
299.0,250.0,0.0316914357,0.299682617,399.2,0.12890625
300.0,250.0,0.0225361325,0.313110352,400.666656,0.126953125
301.0,250.0,0.0246488955,0.299072266,402.133331,0.134765625
302.0,250.0,0.0330999456,0.298156738,403.733337,0.130859375
303.0,250.0,0.0295786746,0.2975464,405.2,0.125
304.0,250.0,0.02887442,0.296630859,406.666656,0.130859375
305.0,250.0,0.0380297229,0.298156738,408.133331,0.1328125
306.0,250.0,0.0309871826,0.278015137,409.6,0.126953125
307.0,250.0,0.0316914357,0.276489258,411.2,0.1328125
308.0,250.0,0.0387339778,0.2923584,412.666656,0.12890625
309.0,250.0,0.0316914357,0.298156738,414.133331,0.126953125
310.0,250.0,0.0197191164,0.2975464,415.6,0.125
311.0,250.0,0.02887442,0.298156738,417.066681,0.134765625
312.0,250.0,0.0394382328,0.298156738,418.533325,0.12890625
313.0,250.0,0.02887442,0.276489258,420.133331,0.12890625
314.0,250.0,0.0274659116,0.296936035,421.6,0.134765625
315.0,250.0,0.0260574035,0.297851563,423.066681,0.134765625
316.0,250.0,0.02887442,0.297851563,424.533325,0.126953125
317.0,250.0,0.0211276244,0.2987671,426.0,0.130859375
318.0,250.0,0.0274659116,0.3173828,427.466675,0.130859375
319.0,250.0,0.0352127068,0.318603516,429.066681,0.130859375
320.0,250.0,0.0338042,0.299072266,430.533325,0.134765625
321.0,250.0,0.0253531486,0.317077637,432.0,0.130859375
322.0,250.0,0.03239569,0.318603516,433.466675,0.1328125
323.0,250.0,0.02042337,0.3201294,434.933319,0.13671875
324.0,250.0,0.0225361325,0.319519043,436.4,0.1328125
325.0,250.0,0.0197191164,0.319519043,438.0,0.126953125
326.0,250.0,0.0225361325,0.299072266,439.466675,0.1328125
327.0,250.0,0.0260574035,0.2984619,440.933319,0.126953125
328.0,250.0,0.02887442,0.3137207,442.4,0.130859375
329.0,250.0,0.0260574035,0.3189087,443.866669,0.130859375
330.0,250.0,0.0316914357,0.318603516,445.333344,0.1328125
331.0,250.0,0.0401424877,0.2975464,446.933319,0.12890625
332.0,250.0,0.0295786746,0.299072266,448.4,0.126953125
333.0,250.0,0.0253531486,0.298156738,449.866669,0.130859375
334.0,250.0,0.0387339778,0.297851563,451.333344,0.126953125
335.0,250.0,0.0387339778,0.297851563,452.8,0.1328125
336.0,250.0,0.0225361325,0.2984619,454.4,0.13671875
337.0,250.0,0.0260574035,0.297851563,455.866669,0.126953125
338.0,250.0,0.0471850261,0.2774048,457.333344,0.125
339.0,250.0,0.0373254679,0.2770996,458.8,0.126953125
340.0,250.0,0.0197191164,0.2972412,460.266663,0.12890625
341.0,250.0,0.0366212167,0.2975464,461.733337,0.1328125
342.0,250.0,0.0415509939,0.276794434,463.333344,0.134765625
343.0,250.0,0.0211276244,0.2923584,464.8,0.1328125
344.0,250.0,0.0253531486,0.2984619,466.266663,0.130859375
345.0,250.0,0.03239569,0.276794434,467.733337,0.130859375
346.0,250.0,0.0401424877,0.2770996,469.2,0.130859375
347.0,250.0,0.0126765743,0.2975464,470.666656,0.12890625
348.0,250.0,0.0352127068,0.31829834,472.266663,0.1328125
349.0,250.0,0.0281701647,0.298156738,473.733337,0.130859375
350.0,250.0,0.0246488955,0.2984619,475.2,0.126953125
351.0,250.0,0.0112680662,0.3189087,476.666656,0.130859375
352.0,250.0,0.04225525,0.298156738,478.133331,0.134765625
353.0,250.0,0.0387339778,0.2923584,479.6,0.130859375
354.0,250.0,0.0126765743,0.317688,481.2,0.134765625
355.0,250.0,0.0211276244,0.319824219,482.666656,0.130859375
356.0,250.0,0.03591696,0.299377441,484.133331,0.1328125
357.0,250.0,0.0373254679,0.317993164,485.6,0.126953125
358.0,250.0,0.0147893373,0.3314209,487.066681,0.1328125
359.0,250.0,0.0338042,0.319213867,488.533325,0.140625
360.0,250.0,0.0309871826,0.3149414,490.133331,0.1328125
361.0,250.0,0.0380297229,0.319213867,491.6,0.134765625
362.0,250.0,0.0126765743,0.319213867,493.066681,0.12890625
363.0,250.0,0.02887442,0.319213867,494.533325,0.12890625
364.0,250.0,0.0274659116,0.2987671,496.0,0.12890625
365.0,250.0,0.0302829277,0.297851563,497.6,0.134765625
366.0,250.0,0.0246488955,0.297851563,499.066681,0.12890625
367.0,250.0,0.0253531486,0.3125,500.533325,0.126953125
368.0,250.0,0.0471850261,0.3189087,502.0,0.1328125
369.0,250.0,0.0295786746,0.299682617,503.466675,0.12890625
370.0,250.0,0.0225361325,0.2984619,504.933319,0.12890625
371.0,250.0,0.02887442,0.298156738,506.533325,0.1328125
372.0,250.0,0.0380297229,0.276489258,508.0,0.134765625
373.0,250.0,0.0267616566,0.2770996,509.466675,0.126953125
374.0,250.0,0.0302829277,0.296630859,510.933319,0.134765625
375.0,250.0,0.04084674,0.2984619,512.4,0.1328125
376.0,250.0,0.0246488955,0.298156738,513.866638,0.1328125
377.0,250.0,0.0253531486,0.2758789,515.4667,0.130859375
378.0,250.0,0.03450845,0.291442871,516.93335,0.130859375
379.0,250.0,0.0274659116,0.2975464,518.4,0.130859375
380.0,250.0,0.0295786746,0.297851563,519.866638,0.1328125
381.0,250.0,0.03450845,0.3189087,521.3333,0.1328125
382.0,250.0,0.0295786746,0.319519043,522.8,0.12890625
383.0,250.0,0.0281701647,0.31829834,524.4,0.126953125
384.0,250.0,0.0225361325,0.2999878,525.866638,0.134765625
385.0,250.0,0.0260574035,0.2984619,527.3333,0.1328125
386.0,250.0,0.03239569,0.318603516,528.8,0.126953125
387.0,250.0,0.0338042,0.319519043,530.266663,0.1328125
388.0,250.0,0.0183106083,0.318603516,531.733337,0.130859375
389.0,250.0,0.0232403874,0.322265625,533.3333,0.1328125
390.0,250.0,0.0373254679,0.319519043,534.8,0.134765625
391.0,250.0,0.03239569,0.299072266,536.266663,0.126953125
392.0,250.0,0.03591696,0.31829834,537.733337,0.125
393.0,250.0,0.0246488955,0.319213867,539.2,0.1328125
394.0,250.0,0.02887442,0.319213867,540.8,0.1328125
395.0,250.0,0.0366212167,0.297851563,542.266663,0.123046875
396.0,250.0,0.0330999456,0.2972412,543.733337,0.130859375
397.0,250.0,0.0190148614,0.2984619,545.2,0.1328125
398.0,250.0,0.0316914357,0.2984619,546.6667,0.130859375
399.0,250.0,0.03591696,0.297851563,548.133362,0.126953125
400.0,250.0,0.0295786746,0.298156738,549.733337,0.1328125
401.0,250.0,0.03239569,0.297851563,551.2,0.12890625
402.0,250.0,0.0366212167,0.2975464,552.6667,0.12109375
403.0,250.0,0.0373254679,0.2770996,554.133362,0.130859375
404.0,250.0,0.0218318775,0.276489258,555.6,0.134765625
405.0,250.0,0.0309871826,0.276794434,557.2,0.12890625
406.0,250.0,0.0338042,0.276184082,558.6667,0.1328125
407.0,250.0,0.0281701647,0.2770996,560.133362,1.3046875
408.0,250.0,0.0197191164,0.298156738,561.6,1.77929688
409.0,250.0,0.03239569,0.276184082,563.06665,2.07617188
410.0,250.0,0.03450845,0.277709961,564.5333,2.38085938
411.0,250.0,0.0281701647,0.298156738,566.133362,2.68164063
412.0,250.0,0.0267616566,0.2975464,567.6,2.99609375
413.0,250.0,0.0352127068,0.2984619,569.06665,3.328125
414.0,250.0,0.0316914357,0.2972412,570.5333,3.6484375
415.0,250.0,0.0232403874,0.297851563,572.0,3.98242188
416.0,250.0,0.0366212167,0.297851563,573.4667,4.138672
417.0,250.0,0.0373254679,0.2975464,575.06665,4.38476563
418.0,250.0,0.0352127068,0.31829834,576.5333,4.705078
419.0,250.0,0.0211276244,0.319519043,578.0,5.01953125
420.0,250.0,0.0330999456,0.319824219,579.4667,5.33203125
421.0,250.0,0.0330999456,0.319213867,580.93335,5.626953
422.0,250.0,0.0316914357,0.298156738,582.4,5.935547
423.0,250.0,0.03591696,0.2975464,584.0,6.22265625
424.0,250.0,0.0436637551,0.314331055,585.4667,6.51953125
425.0,250.0,0.0260574035,0.319213867,586.93335,6.828125
426.0,250.0,0.0267616566,0.300598145,588.4,7.142578
427.0,250.0,0.0387339778,0.2975464,589.866638,7.46484375
428.0,250.0,0.0309871826,0.2975464,591.3333,7.8046875
429.0,250.0,0.0295786746,0.297851563,592.93335,8.013672
430.0,250.0,0.0309871826,0.298156738,594.4,8.2734375
431.0,250.0,0.0309871826,0.297851563,595.866638,8.560547
432.0,250.0,0.0260574035,0.2987671,597.3333,8.875
433.0,250.0,0.0246488955,0.2770996,598.8,9.1875
434.0,250.0,0.02042337,0.2972412,600.4,9.496094
435.0,250.0,0.0253531486,0.2984619,601.866638,9.800781
436.0,250.0,0.0274659116,0.2770996,603.3333,10.0820313
437.0,250.0,0.0260574035,0.2911377,604.8,10.375
438.0,250.0,0.02887442,0.314025879,606.266663,10.6816406
439.0,250.0,0.0366212167,0.299377441,607.733337,10.9882813
440.0,250.0,0.0316914357,0.298156738,609.3333,11.3046875
441.0,250.0,0.0232403874,0.2975464,610.8,11.6289063
442.0,250.0,0.0281701647,0.2975464,612.266663,11.953125
443.0,250.0,0.0302829277,0.278015137,613.733337,12.1484375
444.0,250.0,0.0267616566,0.298156738,615.2,12.4082031
445.0,250.0,0.0302829277,0.318603516,616.6667,12.7109375
446.0,250.0,0.0274659116,0.303344727,618.266663,13.0214844
447.0,250.0,0.0295786746,0.297851563,619.733337,13.3203125
448.0,250.0,0.0309871826,0.317688,621.2,13.6210938
449.0,250.0,0.0281701647,0.319824219,622.6667,13.9082031
450.0,250.0,0.0366212167,0.319519043,624.133362,14.1875
451.0,250.0,0.0260574035,0.319824219,625.6,14.4707031
452.0,250.0,0.0281701647,0.3189087,627.2,14.7617188
453.0,250.0,0.0352127068,0.3036499,628.6667,15.0605469
454.0,250.0,0.0401424877,0.2984619,630.133362,15.3671875
455.0,250.0,0.0253531486,0.2975464,631.6,15.6855469
456.0,250.0,0.0309871826,0.2984619,633.06665,15.9882813
457.0,250.0,0.0415509939,0.2984619,634.5333,16.2324219
458.0,250.0,0.0380297229,0.297851563,636.133362,16.5
459.0,250.0,0.0225361325,0.318603516,637.6,16.7910156
460.0,250.0,0.0281701647,0.299377441,639.06665,17.0800781
461.0,250.0,0.0380297229,0.2783203,640.5333,17.3828125
462.0,250.0,0.02887442,0.276489258,642.0,17.6679688
463.0,250.0,0.0225361325,0.296325684,643.6,17.9472656
464.0,250.0,0.0394382328,0.297851563,645.06665,18.2207031
465.0,250.0,0.0394382328,0.296936035,646.5333,18.4921875
466.0,250.0,0.02042337,0.298156738,648.0,18.7851563
467.0,250.0,0.0281701647,0.3036499,649.4667,19.0761719
468.0,250.0,0.0380297229,0.282897949,650.93335,19.3886719
469.0,250.0,0.0330999456,0.2923584,652.5333,19.7011719
470.0,250.0,0.03239569,0.3173828,654.0,19.9960938
471.0,250.0,0.0281701647,0.303344727,655.4667,20.2617188
472.0,250.0,0.02887442,0.298156738,656.93335,20.5234375
473.0,250.0,0.0309871826,0.297851563,658.4,20.8125
474.0,250.0,0.0295786746,0.296936035,659.866638,21.09961
475.0,250.0,0.02394464,0.2770996,661.4667,21.3867188
476.0,250.0,0.0352127068,0.2975464,662.93335,21.6777344
477.0,250.0,0.0352127068,0.2975464,664.4,21.9453125
478.0,250.0,0.02394464,0.319519043,665.866638,22.2109375
479.0,250.0,0.0260574035,0.3189087,667.3333,22.484375
480.0,250.0,0.0366212167,0.3173828,668.8,22.7617188
481.0,250.0,0.02887442,0.2987671,670.4,23.0625
482.0,250.0,0.0218318775,0.2975464,671.866638,23.3671875
483.0,250.0,0.0246488955,0.318603516,673.3333,23.6699219
484.0,250.0,0.0387339778,0.319824219,674.8,23.9609375
485.0,250.0,0.0295786746,0.298156738,676.266663,24.2617188
486.0,250.0,0.0225361325,0.2972412,677.733337,24.5351563
487.0,250.0,0.0330999456,0.2984619,679.3333,24.8125
488.0,250.0,0.03591696,0.298156738,680.8,25.09961
489.0,250.0,0.0260574035,0.297851563,682.266663,25.36914
490.0,250.0,0.0218318775,0.3173828,683.733337,25.6523438
491.0,250.0,0.04084674,0.303955078,685.2,25.9238281
492.0,250.0,0.03591696,0.298156738,686.8,26.203125
493.0,250.0,0.0246488955,0.2960205,688.266663,26.4667969
494.0,250.0,0.0267616566,0.296630859,689.733337,26.7460938
495.0,250.0,0.0373254679,0.277709961,691.2,27.0332031
496.0,250.0,0.0316914357,0.276184082,692.6667,27.3359375
497.0,250.0,0.0190148614,0.2923584,694.133362,27.6328125
498.0,250.0,0.0316914357,0.297851563,695.733337,27.9257813
499.0,250.0,0.0366212167,0.278015137,697.2,28.2480469
500.0,250.0,0.0373254679,0.276489258,698.6667,28.5234375
501.0,250.0,0.0232403874,0.2972412,700.133362,28.8027344
502.0,250.0,0.03239569,0.2975464,701.6,29.0859375
503.0,250.0,0.0267616566,0.281982422,703.06665,29.3671875
504.0,250.0,0.0267616566,0.291748047,704.6667,29.6425781
505.0,250.0,0.0253531486,0.2984619,706.133362,29.9179688
506.0,250.0,0.03450845,0.297851563,707.6,30.1855469
507.0,250.0,0.0211276244,0.2923584,709.06665,30.4492188
508.0,250.0,0.0281701647,0.2975464,710.5333,30.7265625
509.0,250.0,0.0176063534,0.319213867,712.0,31.0234375
510.0,250.0,0.02887442,0.319213867,713.6,31.3125
511.0,250.0,0.0211276244,0.2987671,715.06665,31.609375
512.0,250.0,0.0176063534,0.318603516,716.5333,31.8964844
513.0,250.0,0.0316914357,0.299072266,718.0,32.25
514.0,250.0,0.03591696,0.298156738,719.4667,32.5273438
515.0,250.0,0.0260574035,0.3314209,720.93335,32.8027344
516.0,250.0,0.009155304,0.3237915,722.5333,33.0859375
517.0,250.0,0.0274659116,0.299072266,724.0,33.36328
518.0,250.0,0.0302829277,0.314025879,725.4667,33.6484375
519.0,250.0,0.0218318775,0.319824219,726.93335,33.9160156
520.0,250.0,0.0232403874,0.3189087,728.4,34.17383
521.0,250.0,0.03450845,0.2984619,730.0,34.4414063
522.0,250.0,0.02394464,0.314025879,731.4667,34.7207031
523.0,250.0,0.0183106083,0.318603516,732.93335,35.0019531
524.0,250.0,0.0253531486,0.299377441,734.4,35.2910156
525.0,250.0,0.03239569,0.2972412,735.866638,35.5859375
526.0,250.0,0.0295786746,0.297851563,737.3333,35.8769531
527.0,250.0,0.0197191164,0.298156738,738.93335,36.2539063
528.0,250.0,0.03591696,0.296936035,740.4,36.5722656
529.0,250.0,0.0330999456,0.2984619,741.866638,36.86133
530.0,250.0,0.0295786746,0.319824219,743.3333,37.140625
531.0,250.0,0.0302829277,0.2987671,744.8,37.41797
532.0,250.0,0.0352127068,0.277709961,746.266663,37.6914063
533.0,250.0,0.0197191164,0.277709961,747.866638,37.95703
534.0,250.0,0.0316914357,0.298156738,749.3333,38.21875
535.0,250.0,0.03239569,0.2972412,750.8,38.4960938
536.0,250.0,0.0260574035,0.297851563,752.266663,38.77539
537.0,250.0,0.0253531486,0.297851563,753.733337,39.07617
538.0,250.0,0.0295786746,0.297851563,755.2,39.3671875
539.0,250.0,0.02394464,0.2975464,756.8,39.66211
540.0,250.0,0.0232403874,0.3137207,758.266663,40.05664
541.0,250.0,0.0225361325,0.319213867,759.733337,40.34961
542.0,250.0,0.02394464,0.299377441,761.2,40.60547
543.0,250.0,0.0232403874,0.31829834,762.6667,40.8847656
544.0,250.0,0.0176063534,0.33416748,764.133362,41.1640625
545.0,250.0,0.0260574035,0.321044922,765.733337,41.44336
546.0,250.0,0.02887442,0.298156738,767.2,41.7207031
547.0,250.0,0.0260574035,0.32989502,768.6667,41.984375
548.0,250.0,0.0274659116,0.335083,770.133362,42.2480469
549.0,250.0,0.02887442,0.32409668,771.6,42.5292969
550.0,250.0,0.02394464,0.3189087,773.06665,42.796875
551.0,250.0,0.0190148614,0.319213867,774.6667,43.07422
552.0,250.0,0.0190148614,0.319213867,776.133362,43.35742
553.0,250.0,0.0330999456,0.298156738,777.6,43.6582031
554.0,250.0,0.0330999456,0.31829834,779.06665,43.91992
555.0,250.0,0.0246488955,0.319213867,780.5333,44.2773438
556.0,250.0,0.0253531486,0.319824219,782.133362,44.5722656
557.0,250.0,0.0338042,0.3036499,783.6,44.8457031
558.0,250.0,0.03239569,0.297851563,785.06665,45.1347656
559.0,250.0,0.0218318775,0.2975464,786.5333,45.421875
560.0,250.0,0.0309871826,0.319824219,788.0,45.68164
561.0,250.0,0.04084674,0.3189087,789.4667,45.94336
562.0,250.0,0.02887442,0.2975464,791.06665,46.20508
563.0,250.0,0.0232403874,0.2984619,792.5333,46.4765625
564.0,250.0,0.0295786746,0.298156738,794.0,46.75586
565.0,250.0,0.0295786746,0.276489258,795.4667,47.05078
566.0,250.0,0.0232403874,0.276184082,796.93335,47.34375
567.0,250.0,0.0253531486,0.297851563,798.4,47.640625
568.0,250.0,0.0366212167,0.298156738,800.0,47.94336
569.0,250.0,0.0387339778,0.296936035,801.4667,48.2421875
570.0,250.0,0.0161978453,0.2984619,802.93335,48.51953
571.0,250.0,0.0260574035,0.2984619,804.4,48.8144531
572.0,250.0,0.0260574035,0.2822876,805.866638,49.0917969
573.0,250.0,0.0197191164,0.2960205,807.4667,49.38086
574.0,250.0,0.0140850823,0.2972412,808.93335,49.67578
575.0,250.0,0.03591696,0.302734375,810.4,49.95703
576.0,250.0,0.0415509939,0.3024292,811.866638,50.2207031
577.0,250.0,0.0197191164,0.317688,813.3333,50.49414
578.0,250.0,0.009859558,0.319519043,814.8,50.7890625
579.0,250.0,0.02887442,0.319824219,816.4,51.0703125
580.0,250.0,0.0260574035,0.319213867,817.866638,51.375
581.0,250.0,0.0140850823,0.319519043,819.3333,51.6855469
582.0,250.0,0.0274659116,0.3189087,820.8,52.0097656
583.0,250.0,0.0373254679,0.319213867,822.266663,52.28711
584.0,250.0,0.0352127068,0.297851563,823.733337,52.5644531
585.0,250.0,0.0218318775,0.317993164,825.3333,52.8535156
586.0,250.0,0.0274659116,0.319213867,826.8,53.1464844
587.0,250.0,0.0295786746,0.319519043,828.266663,53.44336
588.0,250.0,0.0295786746,0.298156738,829.733337,53.73633
589.0,250.0,0.0197191164,0.3189087,831.2,53.9980469
590.0,250.0,0.0197191164,0.303344727,832.6667,54.26367
591.0,250.0,0.0316914357,0.2984619,834.266663,54.54297
592.0,250.0,0.02887442,0.2975464,835.733337,54.83203
593.0,250.0,0.0246488955,0.2975464,837.2,55.1289063
594.0,250.0,0.0211276244,0.297851563,838.6667,55.4375
595.0,250.0,0.0338042,0.298156738,840.133362,55.7421875
596.0,250.0,0.0302829277,0.276794434,841.733337,55.9589844
597.0,250.0,0.0253531486,0.276184082,843.2,56.2207031
598.0,250.0,0.0316914357,0.276489258,844.6667,56.4921875
599.0,250.0,0.03591696,0.298156738,846.133362,56.76953
600.0,250.0,0.0225361325,0.298156738,847.6,57.0664063
601.0,250.0,0.0302829277,0.297851563,849.06665,57.34375
602.0,250.0,0.0387339778,0.2770996,850.6667,57.63672
603.0,250.0,0.02887442,0.296325684,852.133362,57.9140625
604.0,250.0,0.0169021,0.2972412,853.6,58.1777344
605.0,250.0,0.0267616566,0.2975464,855.06665,58.44336
606.0,250.0,0.0352127068,0.297851563,856.5333,58.7226563
607.0,250.0,0.0260574035,0.313415527,858.0,59.01172
608.0,250.0,0.02042337,0.3189087,859.6,59.3164063
609.0,250.0,0.0260574035,0.303039551,861.06665,59.6289063
610.0,250.0,0.0352127068,0.298156738,862.5333,59.93164
611.0,250.0,0.0176063534,0.318603516,864.0,60.14453
612.0,250.0,0.0211276244,0.319213867,865.4667,60.390625
613.0,250.0,0.0316914357,0.2984619,866.93335,60.68164
614.0,250.0,0.0309871826,0.3173828,868.5333,60.98828
615.0,250.0,0.0267616566,0.319519043,870.0,61.29297
616.0,250.0,0.0225361325,0.319824219,871.4667,61.5722656
617.0,250.0,0.0274659116,0.2984619,872.93335,61.85547
618.0,250.0,0.0338042,0.303039551,874.4,62.13867
619.0,250.0,0.0316914357,0.3189087,875.866638,62.42578
620.0,250.0,0.0183106083,0.319213867,877.4667,62.7089844
621.0,250.0,0.0267616566,0.319519043,878.93335,63.00586
622.0,250.0,0.02887442,0.2972412,880.4,63.3203125
623.0,250.0,0.0218318775,0.2770996,881.866638,63.640625
624.0,250.0,0.02394464,0.2975464,883.3333,63.9453125
625.0,250.0,0.0373254679,0.297851563,884.93335,63.9980469
626.0,250.0,0.0316914357,0.296630859,886.4,63.9980469
627.0,250.0,0.0225361325,0.297851563,887.866638,63.9980469
628.0,250.0,0.0309871826,0.2972412,889.3333,63.9980469
629.0,250.0,0.0394382328,0.2783203,890.8,63.9980469
630.0,250.0,0.0274659116,0.276184082,892.266663,63.9980469
631.0,250.0,0.0232403874,0.296630859,893.866638,63.9980469
632.0,250.0,0.0302829277,0.2822876,895.3333,63.9980469
633.0,250.0,0.0330999456,0.276794434,896.8,63.9980469
634.0,250.0,0.0309871826,0.276184082,898.266663,63.9980469
635.0,250.0,0.0267616566,0.296936035,899.733337,63.9980469
636.0,250.0,0.03591696,0.281982422,901.3333,63.9980469
637.0,250.0,0.0232403874,0.276489258,902.8,63.9980469
638.0,250.0,0.03239569,0.297851563,904.266663,63.9980469
639.0,250.0,0.03591696,0.2972412,905.733337,63.9980469
640.0,250.0,0.03591696,0.297851563,907.2,63.9980469
641.0,250.0,0.0274659116,0.299377441,908.6667,63.9980469
642.0,250.0,0.0316914357,0.2975464,910.266663,63.9980469
643.0,250.0,0.03450845,0.296630859,911.733337,63.9980469
644.0,250.0,0.0253531486,0.2972412,913.2,63.9980469
645.0,250.0,0.0232403874,0.3189087,914.6667,63.9980469
646.0,250.0,0.0302829277,0.319824219,916.133362,63.9980469
647.0,250.0,0.0316914357,0.297851563,917.6,63.9980469
648.0,250.0,0.0225361325,0.297851563,919.2,63.9980469
649.0,250.0,0.0281701647,0.318603516,920.6667,63.9980469
650.0,250.0,0.03239569,0.304260254,922.133362,63.9980469
651.0,250.0,0.0281701647,0.2972412,923.6,63.9980469
652.0,250.0,0.0267616566,0.31829834,925.06665,63.9980469
653.0,250.0,0.0295786746,0.2984619,926.5333,63.9980469
654.0,250.0,0.0330999456,0.297851563,928.133362,63.9980469
655.0,250.0,0.0316914357,0.2984619,929.6,63.9980469
656.0,250.0,0.0330999456,0.2975464,931.06665,63.9980469
657.0,250.0,0.0253531486,0.297851563,932.5333,63.9980469
658.0,250.0,0.0246488955,0.298156738,934.0,63.9980469
659.0,250.0,0.0267616566,0.297851563,935.4667,63.9980469
660.0,250.0,0.02887442,0.2972412,937.06665,63.9980469
661.0,250.0,0.0302829277,0.277709961,938.5333,63.9980469
662.0,250.0,0.0415509939,0.276794434,940.0,63.9980469
663.0,250.0,0.04225525,0.2960205,941.4667,63.9980469
664.0,250.0,0.0302829277,0.297851563,942.93335,63.9980469
665.0,250.0,0.0316914357,0.2770996,944.5333,63.9980469
666.0,250.0,0.0302829277,0.276794434,946.0,63.9980469
667.0,250.0,0.03450845,0.276489258,947.4667,63.9980469
668.0,250.0,0.03450845,0.2758789,948.93335,63.9980469
669.0,250.0,0.0302829277,0.291442871,950.4,63.9980469
670.0,250.0,0.0253531486,0.297851563,951.866638,63.9980469
671.0,250.0,0.0302829277,0.2987671,953.4667,63.9980469
672.0,250.0,0.0295786746,0.2783203,954.93335,63.9980469
673.0,250.0,0.0253531486,0.2960205,956.4,63.9980469
674.0,250.0,0.0330999456,0.296936035,957.866638,63.9980469
675.0,250.0,0.0373254679,0.297851563,959.3333,63.9980469
676.0,250.0,0.0267616566,0.2975464,960.8,63.9980469
677.0,250.0,0.02394464,0.3173828,962.4,63.9980469
678.0,250.0,0.02887442,0.3036499,963.866638,63.9980469
679.0,250.0,0.0316914357,0.2987671,965.3333,63.9980469
680.0,250.0,0.0309871826,0.317993164,966.8,63.9980469
681.0,250.0,0.0267616566,0.318603516,968.266663,63.9980469
682.0,250.0,0.0373254679,0.297851563,969.733337,63.9980469
683.0,250.0,0.0295786746,0.297851563,971.3333,63.9980469
684.0,250.0,0.0309871826,0.317688,972.8,63.9980469
685.0,250.0,0.03239569,0.300292969,974.266663,63.9980469
686.0,250.0,0.03239569,0.297851563,975.733337,63.9980469
687.0,250.0,0.0338042,0.2972412,977.2,63.9980469
688.0,250.0,0.0380297229,0.3137207,978.6667,63.9980469
689.0,250.0,0.0330999456,0.299072266,980.266663,63.9980469
690.0,250.0,0.0352127068,0.2975464,981.733337,63.9980469
691.0,250.0,0.0253531486,0.2972412,983.2,63.9980469
692.0,250.0,0.0302829277,0.298156738,984.6667,63.9980469
693.0,250.0,0.03239569,0.264892578,986.133362,63.9980469
694.0,250.0,0.0197191164,0.2597046,987.733337,63.9980469
695.0,250.0,0.0267616566,0.276794434,989.2,63.9980469
696.0,250.0,0.0218318775,0.276489258,990.6667,63.9980469
697.0,250.0,0.0302829277,0.276184082,992.133362,63.9980469
698.0,250.0,0.0260574035,0.2960205,993.6,63.9980469
699.0,250.0,0.0338042,0.297851563,995.06665,63.9980469
700.0,250.0,0.0352127068,0.297851563,996.6667,63.9980469
701.0,250.0,0.0197191164,0.297851563,998.133362,63.9980469
702.0,250.0,0.02042337,0.298156738,999.6,63.9980469
703.0,250.0,0.0253531486,0.278015137,1001.06665,63.9980469
704.0,250.0,0.0253531486,0.2911377,1002.53333,63.9980469
705.0,250.0,0.0267616566,0.2987671,1004.0,63.9980469
706.0,250.0,0.0309871826,0.303344727,1005.6,63.9980469
707.0,250.0,0.0330999456,0.297851563,1007.06665,63.9980469
708.0,250.0,0.0309871826,0.317688,1008.53333,63.9980469
709.0,250.0,0.0260574035,0.3338623,1010.0,63.9980469
710.0,250.0,0.02887442,0.319824219,1011.46667,63.9980469
711.0,250.0,0.0260574035,0.2975464,1012.93335,63.9980469
712.0,250.0,0.02887442,0.297851563,1014.53333,63.9980469
713.0,250.0,0.0267616566,0.297851563,1016.0,63.9980469
714.0,250.0,0.0302829277,0.2972412,1017.46667,63.9980469
715.0,250.0,0.0260574035,0.3137207,1018.93335,63.9980469
716.0,250.0,0.0309871826,0.319213867,1020.4,63.9980469
717.0,250.0,0.0302829277,0.299377441,1022.0,63.9980469
718.0,250.0,0.0330999456,0.297851563,1023.46667,63.9980469
719.0,250.0,0.02394464,0.2975464,1024.93335,63.9980469
720.0,250.0,0.0295786746,0.2975464,1026.4,63.9980469
721.0,250.0,0.03450845,0.27557373,1027.8667,63.9980469
722.0,250.0,0.0295786746,0.276489258,1029.33337,63.9980469
723.0,250.0,0.02887442,0.283203125,1030.93335,63.9980469
724.0,250.0,0.02394464,0.297851563,1032.4,63.9980469
725.0,250.0,0.0309871826,0.281982422,1033.8667,63.9980469
726.0,250.0,0.0295786746,0.2770996,1035.33337,63.9980469
727.0,250.0,0.03239569,0.2911377,1036.8,63.9980469
728.0,250.0,0.0267616566,0.297851563,1038.26672,63.9980469
729.0,250.0,0.02887442,0.298156738,1039.8667,63.9980469
730.0,250.0,0.03239569,0.2987671,1041.33337,63.9980469
731.0,250.0,0.0295786746,0.2984619,1042.8,63.9980469
732.0,250.0,0.0183106083,0.298156738,1044.26672,63.9980469
733.0,250.0,0.0246488955,0.2972412,1045.73328,63.9980469
734.0,250.0,0.0197191164,0.2987671,1047.2,63.9980469
735.0,250.0,0.0140850823,0.2972412,1048.8,63.9980469
736.0,250.0,0.0211276244,0.2975464,1050.26672,63.9980469
737.0,250.0,0.03450845,0.296936035,1051.73328,63.9980469
738.0,250.0,0.03591696,0.316772461,1053.2,63.9980469
739.0,250.0,0.0225361325,0.3189087,1054.66663,63.9980469
740.0,250.0,0.02887442,0.319824219,1056.1333,63.9980469
741.0,250.0,0.0246488955,0.31829834,1057.73328,63.9980469
742.0,250.0,0.0232403874,0.2987671,1059.2,63.9980469
743.0,250.0,0.0183106083,0.299072266,1060.66663,63.9980469
744.0,250.0,0.0309871826,0.317993164,1062.1333,63.9980469
745.0,250.0,0.0281701647,0.2984619,1063.6,63.9980469
746.0,250.0,0.0154935913,0.296630859,1065.06665,63.9980469
747.0,250.0,0.0246488955,0.3173828,1066.66663,63.9980469
748.0,250.0,0.0274659116,0.319824219,1068.1333,63.9980469
749.0,250.0,0.02887442,0.303344727,1069.6,63.9980469
750.0,250.0,0.02887442,0.2972412,1071.06665,63.9980469
751.0,250.0,0.0330999456,0.316772461,1072.53333,63.9980469
752.0,250.0,0.02887442,0.2987671,1074.1333,63.9980469
753.0,250.0,0.0309871826,0.297851563,1075.6,63.9980469
754.0,250.0,0.0316914357,0.297851563,1077.06665,63.9980469
755.0,250.0,0.0394382328,0.296936035,1078.53333,63.9980469
756.0,250.0,0.0197191164,0.277709961,1080.0,63.9980469
757.0,250.0,0.02394464,0.276489258,1081.46667,63.9980469
758.0,250.0,0.02394464,0.276489258,1083.06665,63.9980469
759.0,250.0,0.0274659116,0.27557373,1084.53333,63.9980469
760.0,250.0,0.0281701647,0.296936035,1086.0,63.9980469
761.0,250.0,0.0281701647,0.297851563,1087.46667,63.9980469
762.0,250.0,0.0330999456,0.298156738,1088.93335,63.9980469
763.0,250.0,0.0281701647,0.2972412,1090.53333,63.9980469
764.0,250.0,0.0316914357,0.2987671,1092.0,63.9980469
765.0,250.0,0.0225361325,0.299072266,1093.46667,63.9980469
766.0,250.0,0.0295786746,0.2984619,1094.93335,63.9980469
767.0,250.0,0.0260574035,0.298156738,1096.4,63.9980469
768.0,250.0,0.0281701647,0.312805176,1097.8667,63.9980469
769.0,250.0,0.0225361325,0.319213867,1099.33337,63.9980469
770.0,250.0,0.0309871826,0.3189087,1100.93335,63.9980469
771.0,250.0,0.0281701647,0.297851563,1102.4,63.9980469
772.0,250.0,0.02042337,0.3125,1103.8667,63.9980469
773.0,250.0,0.0260574035,0.319213867,1105.33337,63.9980469
774.0,250.0,0.03239569,0.303955078,1106.8,63.9980469
775.0,250.0,0.0253531486,0.317077637,1108.4,63.9980469
776.0,250.0,0.0161978453,0.318603516,1109.8667,63.9980469
777.0,250.0,0.03239569,0.2975464,1111.33337,63.9980469
778.0,250.0,0.0366212167,0.2975464,1112.8,63.9980469
779.0,250.0,0.0274659116,0.318603516,1114.26672,63.9980469
780.0,250.0,0.0253531486,0.322265625,1115.73328,63.9980469
781.0,250.0,0.0253531486,0.303955078,1117.33337,63.9980469
782.0,250.0,0.0309871826,0.2984619,1118.8,63.9980469
783.0,250.0,0.0246488955,0.297851563,1120.26672,63.9980469
784.0,250.0,0.02394464,0.296630859,1121.73328,63.9980469
785.0,250.0,0.0295786746,0.2923584,1123.2,63.9980469
786.0,250.0,0.0352127068,0.297851563,1124.66663,63.9980469
787.0,250.0,0.02394464,0.297851563,1126.26672,63.9980469
788.0,250.0,0.0316914357,0.298156738,1127.73328,63.9980469
789.0,250.0,0.0352127068,0.2783203,1129.2,63.9980469
790.0,250.0,0.0316914357,0.276489258,1130.66663,63.9980469
791.0,250.0,0.0330999456,0.2770996,1132.1333,63.9980469
792.0,250.0,0.03239569,0.276184082,1133.73328,63.9980469
793.0,250.0,0.0253531486,0.291748047,1135.2,63.9980469
794.0,250.0,0.0274659116,0.282592773,1136.66663,63.9980469
795.0,250.0,0.03450845,0.2770996,1138.1333,63.9980469
796.0,250.0,0.0330999456,0.276794434,1139.6,63.9980469
797.0,250.0,0.0225361325,0.2960205,1141.06665,63.9980469
798.0,250.0,0.0253531486,0.2975464,1142.66663,63.9980469
799.0,250.0,0.0295786746,0.2987671,1144.1333,63.9980469
800.0,250.0,0.02394464,0.319213867,1145.6,63.9980469
801.0,250.0,0.02394464,0.3036499,1147.06665,63.9980469
802.0,250.0,0.0281701647,0.2987671,1148.53333,63.9980469
803.0,250.0,0.0330999456,0.2972412,1150.0,63.9980469
804.0,250.0,0.0295786746,0.312805176,1151.6,63.9980469
805.0,250.0,0.0309871826,0.318603516,1153.06665,63.9980469
806.0,250.0,0.0211276244,0.318603516,1154.53333,63.9980469
807.0,250.0,0.0267616566,0.2987671,1156.0,63.9980469
808.0,250.0,0.0211276244,0.318603516,1157.46667,63.9980469
809.0,250.0,0.0274659116,0.3189087,1158.93335,63.9980469
810.0,250.0,0.03239569,0.313415527,1160.53333,63.9980469
811.0,250.0,0.0380297229,0.319213867,1162.0,63.9980469
812.0,250.0,0.0281701647,0.319519043,1163.46667,63.9980469
813.0,250.0,0.0169021,0.3189087,1164.93335,63.9980469
814.0,250.0,0.03239569,0.303344727,1166.4,63.9980469
815.0,250.0,0.0281701647,0.298156738,1167.8667,63.9980469
816.0,250.0,0.0232403874,0.2984619,1169.46667,63.9980469
817.0,250.0,0.0302829277,0.2984619,1170.93335,63.9980469
818.0,250.0,0.04084674,0.2975464,1172.4,63.9980469
819.0,250.0,0.02394464,0.298156738,1173.8667,63.9980469
820.0,250.0,0.0246488955,0.297851563,1175.33337,63.9980469
821.0,250.0,0.04225525,0.297851563,1176.93335,63.9980469
822.0,250.0,0.04225525,0.276489258,1178.4,63.9980469
823.0,250.0,0.0105638122,0.276184082,1179.8667,63.9980469
824.0,250.0,0.0394382328,0.296630859,1181.33337,63.9980469
825.0,250.0,0.0394382328,0.2822876,1182.8,63.9980469
826.0,250.0,0.0330999456,0.2770996,1184.26672,63.9980469
827.0,250.0,0.0112680662,0.2960205,1185.8667,63.9980469
828.0,250.0,0.04225525,0.2972412,1187.33337,63.9980469
829.0,250.0,0.0380297229,0.277709961,1188.8,63.9980469
830.0,250.0,0.02887442,0.276794434,1190.26672,63.9980469
831.0,250.0,0.0190148614,0.2975464,1191.73328,63.9980469
832.0,250.0,0.0316914357,0.2972412,1193.2,63.9980469
833.0,250.0,0.0366212167,0.298156738,1194.8,63.9980469
834.0,250.0,0.0126765743,0.297851563,1196.26672,63.9980469
835.0,250.0,0.0281701647,0.297851563,1197.73328,63.9980469
836.0,250.0,0.0380297229,0.281677246,1199.2,63.9980469
837.0,250.0,0.0281701647,0.2975464,1200.66663,63.9980469
838.0,250.0,0.005634033,0.3189087,1202.1333,63.9980469
839.0,250.0,0.03591696,0.3189087,1203.73328,63.9980469
840.0,250.0,0.0429595038,0.297851563,1205.2,63.9980469
841.0,250.0,0.0211276244,0.317077637,1206.66663,63.9980469
842.0,250.0,0.0161978453,0.319824219,1208.1333,63.9980469
843.0,250.0,0.02887442,0.30456543,1209.6,63.9980469
844.0,250.0,0.0380297229,0.297851563,1211.06665,63.9980469
845.0,250.0,0.0183106083,0.313110352,1212.66663,63.9980469
846.0,250.0,0.02394464,0.319213867,1214.1333,63.9980469
847.0,250.0,0.03450845,0.2984619,1215.6,63.9980469
848.0,250.0,0.04084674,0.297851563,1217.06665,63.9980469
849.0,250.0,0.0295786746,0.3125,1218.53333,63.9980469
850.0,250.0,0.0514105521,0.319824219,1220.0,63.9980469
851.0,250.0,0.0767637044,0.319213867,1221.6,63.9980469
852.0,250.0,0.0802849755,0.319519043,1223.06665,63.9980469
853.0,250.0,0.0514105521,0.3503418,1224.53333,63.9980469
854.0,250.0,0.0295786746,0.324401855,1226.0,63.9980469
855.0,250.0,0.04577652,0.2835083,1227.46667,63.9980469
856.0,250.0,0.0387339778,0.276794434,1229.06665,63.9980469
857.0,250.0,0.0549318232,0.295715332,1230.53333,63.9980469
858.0,250.0,0.06831265,0.313415527,1232.0,63.9980469
859.0,250.0,0.06267862,0.319824219,1233.46667,63.9980469
860.0,250.0,0.06267862,0.317993164,1234.93335,63.9980469
861.0,250.0,0.05774884,0.303344727,1236.4,63.9980469
862.0,250.0,0.04929779,0.317077637,1238.0,63.9980469
863.0,250.0,0.0549318232,0.319519043,1239.46667,63.9980469
864.0,250.0,0.04929779,0.319213867,1240.93335,63.9980469
865.0,250.0,0.04929779,0.317993164,1242.4,63.9980469
866.0,250.0,0.05774884,0.319824219,1243.8667,63.9980469
867.0,250.0,0.048593536,0.318603516,1245.33337,63.9980469
868.0,250.0,0.0436637551,0.318603516,1246.8,63.9980469
869.0,250.0,0.0471850261,0.3189087,1248.4,63.9980469
870.0,250.0,0.0598616,0.335083,1249.8667,63.9980469
871.0,250.0,0.0549318232,0.334472656,1251.33337,63.9980469
872.0,250.0,0.0507062972,0.335998535,1252.8,63.9980469
873.0,250.0,0.0394382328,0.335693359,1254.26672,63.9980469
874.0,250.0,0.0330999456,0.32043457,1255.8667,63.9980469
875.0,250.0,0.0302829277,0.304260254,1257.33337,63.9980469
876.0,250.0,0.0352127068,0.296936035,1258.8,63.9980469
877.0,250.0,0.045072265,0.3173828,1260.26672,63.9980469
878.0,250.0,0.06267862,0.3237915,1261.73328,63.9980469
879.0,250.0,0.05915735,0.319213867,1263.2,63.9980469
880.0,250.0,0.04436801,0.319213867,1264.8,63.9980469
881.0,250.0,0.0514105521,0.318603516,1266.26672,63.9980469
882.0,250.0,0.0556360781,0.319519043,1267.73328,63.9980469
883.0,250.0,0.0521148071,0.3048706,1269.2,63.9980469
884.0,250.0,0.052819062,0.318603516,1270.66663,63.9980469
885.0,250.0,0.06127011,0.319213867,1272.1333,63.9980469
886.0,250.0,0.0514105521,0.2999878,1273.73328,63.9980469
887.0,250.0,0.0429595038,0.298156738,1275.2,63.9980469
888.0,250.0,0.0464807749,0.2984619,1276.66663,63.9980469
889.0,250.0,0.0556360781,0.2975464,1278.1333,63.9980469
890.0,250.0,0.052819062,0.298156738,1279.6,63.9980469
891.0,250.0,0.04788928,0.3173828,1281.2,63.9980469
892.0,250.0,0.04929779,0.3189087,1282.66663,63.9980469
893.0,250.0,0.0535233133,0.2972412,1284.1333,63.9980469
894.0,250.0,0.0549318232,0.298156738,1285.6,63.9980469
895.0,250.0,0.0464807749,0.31829834,1287.06665,63.9980469
896.0,250.0,0.05915735,0.322875977,1288.53333,63.9980469
897.0,250.0,0.0584530942,0.3189087,1290.1333,63.9980469
898.0,250.0,0.0570445843,0.31829834,1291.6,63.9980469
899.0,250.0,0.0556360781,0.333557129,1293.06665,63.9980469
900.0,250.0,0.06831265,0.3189087,1294.53333,63.9980469
901.0,250.0,0.0549318232,0.318603516,1296.0,63.9980469
902.0,250.0,0.052819062,0.335083,1297.46667,63.9980469
903.0,250.0,0.06127011,0.3201294,1299.06665,63.9980469
904.0,250.0,0.06549563,0.319519043,1300.53333,63.9980469
905.0,250.0,0.0514105521,0.330810547,1302.0,63.9980469
906.0,250.0,0.06338287,0.3237915,1303.46667,63.9980469
907.0,250.0,0.06972116,0.319519043,1304.93335,63.9980469
908.0,250.0,0.0507062972,0.3189087,1306.4,63.9980469
909.0,250.0,0.0570445843,0.335388184,1308.0,63.9980469
910.0,250.0,0.07183392,0.3201294,1309.46667,63.9980469
911.0,250.0,0.0711296648,0.318603516,1310.93335,63.9980469
912.0,250.0,0.0549318232,0.319213867,1312.4,63.9980469
913.0,250.0,0.06127011,0.319213867,1313.8667,63.9980469
914.0,250.0,0.06267862,0.318603516,1315.33337,63.9980469
915.0,250.0,0.0605658554,0.3189087,1316.93335,63.9980469
916.0,250.0,0.05634033,0.3189087,1318.4,63.9980469
917.0,250.0,0.0556360781,0.319213867,1319.8667,63.9980469
918.0,250.0,0.048593536,0.3189087,1321.33337,63.9980469
919.0,250.0,0.05915735,0.31829834,1322.8,63.9980469
920.0,250.0,0.06408713,0.3189087,1324.26672,63.9980469
921.0,250.0,0.0507062972,0.335693359,1325.8667,63.9980469
922.0,250.0,0.0570445843,0.319213867,1327.33337,63.9980469
923.0,250.0,0.05634033,0.319213867,1328.8,63.9980469
924.0,250.0,0.06127011,0.323181152,1330.26672,63.9980469
925.0,250.0,0.0556360781,0.319824219,1331.73328,63.9980469
926.0,250.0,0.06127011,0.319519043,1333.2,63.9980469
927.0,250.0,0.06127011,0.31829834,1334.8,63.9980469
928.0,250.0,0.05774884,0.335083,1336.26672,63.9980469
929.0,250.0,0.0598616,0.334777832,1337.73328,63.9980469
930.0,250.0,0.0619743653,0.335083,1339.2,63.9980469
931.0,250.0,0.0598616,0.335693359,1340.66663,63.9980469
932.0,250.0,0.06338287,0.320739746,1342.1333,63.9980469
933.0,250.0,0.0690169,0.331115723,1343.73328,63.9980469
934.0,250.0,0.0802849755,0.354614258,1345.2,63.9980469
935.0,250.0,0.0676084,0.3555298,1346.66663,63.9980469
936.0,250.0,0.0746509358,0.335693359,1348.1333,63.9980469
937.0,250.0,0.0788764656,0.3338623,1349.6,63.9980469
938.0,250.0,0.0746509358,0.334777832,1351.06665,63.9980469
939.0,250.0,0.06831265,0.334472656,1352.66663,63.9980469
940.0,250.0,0.08310199,0.318603516,1354.1333,63.9980469
941.0,250.0,0.0845105,0.3338623,1355.6,63.9980469
942.0,250.0,0.06549563,0.335083,1357.06665,63.9980469
943.0,250.0,0.06831265,0.3237915,1358.53333,63.9980469
944.0,250.0,0.08169348,0.319213867,1360.1333,63.9980469
945.0,250.0,0.06972116,0.3189087,1361.6,63.9980469
946.0,250.0,0.06549563,0.330505371,1363.06665,63.9980469
947.0,250.0,0.0690169,0.335083,1364.53333,63.9980469
948.0,250.0,0.05774884,0.335998535,1366.0,63.9980469
949.0,250.0,0.0535233133,0.32043457,1367.46667,63.9980469
950.0,250.0,0.07324243,0.319213867,1369.06665,63.9980469
951.0,250.0,0.06831265,0.319213867,1370.53333,63.9980469
952.0,250.0,0.0753551945,0.334777832,1372.0,63.9980469
953.0,250.0,0.0676084,0.350036621,1373.46667,63.9980469
954.0,250.0,0.07324243,0.334777832,1374.93335,63.9980469
955.0,250.0,0.06267862,0.335693359,1376.4,63.9980469
956.0,250.0,0.07183392,0.334777832,1378.0,63.9980469
957.0,250.0,0.0802849755,0.3201294,1379.46667,63.9980469
958.0,250.0,0.0676084,0.3338623,1380.93335,63.9980469
959.0,250.0,0.06619989,0.335083,1382.4,63.9980469
960.0,250.0,0.0725381747,0.33416748,1383.8667,63.9980469
961.0,250.0,0.06479138,0.335693359,1385.33337,63.9980469
962.0,250.0,0.05634033,0.335388184,1386.93335,63.9980469
963.0,250.0,0.0767637044,0.334777832,1388.4,63.9980469
964.0,250.0,0.0802849755,0.319824219,1389.8667,63.9980469
965.0,250.0,0.06267862,0.335693359,1391.33337,63.9980469
966.0,250.0,0.0619743653,0.3567505,1392.8,63.9980469
967.0,250.0,0.08169348,0.335998535,1394.26672,63.9980469
968.0,250.0,0.08169348,0.3338623,1395.8667,63.9980469
969.0,250.0,0.06127011,0.3567505,1397.33337,63.9980469
970.0,250.0,0.0725381747,0.3579712,1398.8,63.9980469
971.0,250.0,0.08169348,0.334777832,1400.26672,63.9980469
972.0,250.0,0.0711296648,0.330505371,1401.73328,63.9980469
973.0,250.0,0.04929779,0.349731445,1403.2,63.9980469
974.0,250.0,0.0690169,0.335693359,1404.8,63.9980469
975.0,250.0,0.09014453,0.3201294,1406.26672,63.9980469
976.0,250.0,0.06408713,0.330810547,1407.73328,63.9980469
977.0,250.0,0.0584530942,0.335388184,1409.2,63.9980469
978.0,250.0,0.09014453,0.319213867,1410.66663,63.9980469
979.0,250.0,0.08732751,0.318603516,1412.26672,63.9980469
980.0,250.0,0.0774679556,0.335083,1413.73328,63.9980469
981.0,250.0,0.0760594457,0.334777832,1415.2,63.9980469
982.0,250.0,0.104229614,0.320739746,1416.66663,63.9980469
983.0,250.0,0.09014453,0.32043457,1418.1333,63.9980469
984.0,250.0,0.07183392,0.335388184,1419.6,63.9980469
985.0,250.0,0.08732751,0.334472656,1421.2,63.9980469
986.0,250.0,0.112680659,0.334777832,1422.66663,63.9980469
987.0,250.0,0.08662326,0.354919434,1424.1333,63.9980469
988.0,250.0,0.06479138,0.377502441,1425.6,63.9980469
989.0,250.0,0.09929983,0.357055664,1427.06665,63.9980469
990.0,250.0,0.108455136,0.3555298,1428.53333,63.9980469
991.0,250.0,0.08169348,0.37109375,1430.1333,63.9980469
992.0,250.0,0.0739466846,0.3781128,1431.6,63.9980469
993.0,250.0,0.104229614,0.358581543,1433.06665,63.9980469
994.0,250.0,0.09929983,0.357055664,1434.53333,63.9980469
995.0,250.0,0.08169348,0.377807617,1436.0,63.9980469
996.0,250.0,0.09437005,0.378723145,1437.46667,63.9980469
997.0,250.0,0.116906188,0.3579712,1438.93335,63.9980469
998.0,250.0,0.08591901,0.3768921,1440.53333,63.9980469
999.0,250.0,0.0690169,0.3945923,1442.0,63.9980469
1000.0,250.0,0.105638124,0.37902832,1443.46667,63.9980469
1001.0,250.0,0.114793427,0.357055664,1444.93335,63.9980469
1002.0,250.0,0.0725381747,0.377502441,1446.4,63.9980469
1003.0,250.0,0.06549563,0.378417969,1447.8667,63.9980469
1004.0,250.0,0.109863646,0.363769531,1449.46667,63.9980469
1005.0,250.0,0.113384917,0.357055664,1450.93335,63.9980469
1006.0,250.0,0.0725381747,0.38848877,1452.4,63.9980469
1007.0,250.0,0.07958072,0.383911133,1453.8667,63.9980469
1008.0,250.0,0.11620193,0.358276367,1455.33337,63.9980469
1009.0,250.0,0.08591901,0.3503418,1456.8,63.9980469
1010.0,250.0,0.07958072,0.378417969,1458.4,63.9980469
1011.0,250.0,0.100708343,0.3781128,1459.8667,63.9980469
1012.0,250.0,0.09225729,0.357666016,1461.33337,63.9980469
1013.0,250.0,0.0788764656,0.357055664,1462.8,63.9980469
1014.0,250.0,0.09718707,0.3567505,1464.26672,63.9980469
1015.0,250.0,0.105638124,0.3567505,1465.8667,63.9980469
1016.0,250.0,0.08310199,0.335998535,1467.33337,63.9980469
1017.0,250.0,0.0760594457,0.3729248,1468.8,63.9980469
1018.0,250.0,0.09859558,0.3567505,1470.26672,63.9980469
1019.0,250.0,0.111976407,0.351257324,1471.73328,63.9980469
1020.0,250.0,0.07183392,0.3717041,1473.2,63.9980469
1021.0,250.0,0.08732751,0.377807617,1474.8,63.9980469
1022.0,250.0,0.08732751,0.358276367,1476.26672,63.9980469
1023.0,250.0,0.0521148071,0.335693359,1477.73328,63.9980469
1024.0,250.0,0.03239569,0.3567505,1479.2,63.9980469
1025.0,250.0,0.0464807749,0.342407227,1480.66663,63.9980469
1026.0,250.0,0.052819062,0.323486328,1482.1333,63.9980469
1027.0,250.0,0.04788928,0.319519043,1483.73328,63.9980469
1028.0,250.0,0.06338287,0.3552246,1485.2,63.9980469
1029.0,250.0,0.0619743653,0.3555298,1486.66663,63.9980469
1030.0,250.0,0.06127011,0.357055664,1488.1333,63.9980469
1031.0,250.0,0.06479138,0.357666016,1489.6,63.9980469
1032.0,250.0,0.07042541,0.357666016,1491.06665,63.9980469
1033.0,250.0,0.0788764656,0.3567505,1492.66663,63.9980469
1034.0,250.0,0.09014453,0.35736084,1494.1333,63.9980469
1035.0,250.0,0.09014453,0.357055664,1495.6,63.9980469
1036.0,250.0,0.08521475,0.377502441,1497.06665,63.9980469
1037.0,250.0,0.08521475,0.3781128,1498.53333,63.9980469
1038.0,250.0,0.09437005,0.378417969,1500.0,63.9980469
1039.0,250.0,0.08803177,0.37902832,1501.6,63.9980469
1040.0,250.0,0.08380624,0.363464355,1503.06665,63.9980469
1041.0,250.0,0.09014453,0.3567505,1504.53333,63.9980469
1042.0,250.0,0.103525355,0.3567505,1506.0,63.9980469
1043.0,250.0,0.08662326,0.357055664,1507.46667,63.9980469
1044.0,250.0,0.08732751,0.35736084,1509.06665,63.9980469
1045.0,250.0,0.102821104,0.340881348,1510.53333,63.9980469
1046.0,250.0,0.09789132,0.357055664,1512.0,63.9980469
1047.0,250.0,0.09507431,0.3564453,1513.46667,63.9980469
1048.0,250.0,0.107046627,0.341796875,1514.93335,63.9980469
1049.0,250.0,0.108455136,0.3503418,1516.4,63.9980469
1050.0,250.0,0.09859558,0.3768921,1518.0,63.9980469
1051.0,250.0,0.103525355,0.358886719,1519.46667,63.9980469
1052.0,250.0,0.1197232,0.3564453,1520.93335,63.9980469
1053.0,250.0,0.1105679,0.3765869,1522.4,63.9980469
1054.0,250.0,0.09084878,0.378417969,1523.8667,63.9980469
1055.0,250.0,0.111976407,0.3579712,1525.33337,63.9980469
1056.0,250.0,0.124652982,0.3567505,1526.93335,63.9980469
1057.0,250.0,0.09789132,0.3894043,1528.4,63.9980469
1058.0,250.0,0.104933865,0.395202637,1529.8667,63.9980469
1059.0,250.0,0.124652982,0.377807617,1531.33337,63.9980469
1060.0,250.0,0.121835969,0.389099121,1532.8,63.9980469
1061.0,250.0,0.101412594,0.393981934,1534.26672,63.9980469
1062.0,250.0,0.11620193,0.393676758,1535.8667,63.9980469
1063.0,250.0,0.12535724,0.3942871,1537.33337,63.9980469
1064.0,250.0,0.11901895,0.393676758,1538.8,63.9980469
1065.0,250.0,0.1197232,0.3945923,1540.26672,63.9980469
1066.0,250.0,0.11901895,0.395202637,1541.73328,63.9980469
1067.0,250.0,0.129582763,0.393676758,1543.2,63.9980469
1068.0,250.0,0.126061484,0.395202637,1544.66663,63.9980469
1069.0,250.0,0.126765743,0.3945923,1546.26672,63.9980469
1070.0,250.0,0.122540221,0.3945923,1547.73328,63.9980469
1071.0,250.0,0.14225933,0.3955078,1549.2,63.9980469
1072.0,250.0,0.140146568,0.3942871,1550.66663,63.9980469
1073.0,250.0,0.121835969,0.3942871,1552.1333,63.9980469
1074.0,250.0,0.123948731,0.3942871,1553.73328,63.9980469
1075.0,250.0,0.147893369,0.3955078,1555.2,63.9980469
1076.0,250.0,0.135921046,0.389099121,1556.66663,63.9980469
1077.0,250.0,0.132399783,0.3945923,1558.1333,63.9980469
1078.0,250.0,0.148597628,0.393981934,1559.6,63.9980469
1079.0,250.0,0.153527409,0.3945923,1561.06665,63.9980469
1080.0,250.0,0.1443721,0.391540527,1562.66663,63.9980469
1081.0,250.0,0.146484867,0.3942871,1564.1333,63.9980469
1082.0,250.0,0.167612478,0.3942871,1565.6,63.9980469
1083.0,250.0,0.146484867,0.378723145,1567.06665,63.9980469
1084.0,250.0,0.147189111,0.3930664,1568.53333,63.9980469
1085.0,250.0,0.169725254,0.395202637,1570.0,63.9980469
1086.0,250.0,0.173950776,0.395202637,1571.6,63.9980469
1087.0,250.0,0.148597628,0.393981934,1573.06665,63.9980469
1088.0,250.0,0.157752931,0.415344238,1574.53333,63.9980469
1089.0,250.0,0.173950776,0.4159546,1576.0,63.9980469
1090.0,250.0,0.164091215,0.4156494,1577.46667,63.9980469
1091.0,250.0,0.159865692,0.4159546,1578.93335,63.9980469
1092.0,250.0,0.1767678,0.416564941,1580.53333,63.9980469
1093.0,250.0,0.182401821,0.4156494,1582.0,63.9980469
1094.0,250.0,0.161978453,0.416870117,1583.46667,63.9980469
1095.0,250.0,0.167612478,0.437927246,1584.93335,63.9980469
1096.0,250.0,0.182401821,0.438232422,1586.4,63.9980469
1097.0,250.0,0.1795848,0.43762207,1587.8667,63.9980469
1098.0,250.0,0.161978453,0.4486084,1589.33337,63.9980469
1099.0,250.0,0.184514582,0.4537964,1590.93335,63.9980469
1100.0,250.0,0.180993319,0.43762207,1592.4,63.9980469
1101.0,250.0,0.166203976,0.43762207,1593.8667,63.9980469
1102.0,250.0,0.17465502,0.437927246,1595.33337,63.9980469
1103.0,250.0,0.181697562,0.4385376,1596.8,63.9980469
1104.0,250.0,0.172542259,0.437011719,1598.26672,63.9980469
1105.0,250.0,0.18028906,0.437927246,1599.8667,63.9980469
1106.0,250.0,0.18310608,0.437927246,1601.33337,63.9980469
1107.0,250.0,0.189444363,0.437011719,1602.8,63.9980469
1108.0,250.0,0.197191164,0.43762207,1604.26672,63.9980469
1109.0,250.0,0.176063538,0.448303223,1605.73328,63.9980469
1110.0,250.0,0.169021,0.454101563,1607.2,63.9980469
1111.0,250.0,0.193669885,0.438232422,1608.8,63.9980469
1112.0,250.0,0.206346467,0.4373169,1610.26672,63.9980469
1113.0,250.0,0.175359279,0.452575684,1611.73328,63.9980469
1114.0,250.0,0.183810323,0.4537964,1613.2,63.9980469
1115.0,250.0,0.209867731,0.4385376,1614.66663,63.9980469
1116.0,250.0,0.2042337,0.4385376,1616.1333,63.9980469
1117.0,250.0,0.1950784,0.4727173,1617.6,63.9980469
1118.0,250.0,0.209163487,0.454101563,1619.2,63.9980469
1119.0,250.0,0.214797512,0.437927246,1620.66663,63.9980469
1120.0,250.0,0.208459228,0.453186035,1622.1333,63.9980469
1121.0,250.0,0.211980492,0.455322266,1623.6,63.9980469
1122.0,250.0,0.214093253,0.4547119,1625.06665,63.9980469
1123.0,250.0,0.217614532,0.454101563,1626.53333,63.9980469
1124.0,250.0,0.2211358,0.474853516,1628.1333,63.9980469
1125.0,250.0,0.21831879,0.454101563,1629.6,63.9980469
1126.0,250.0,0.2302911,0.4385376,1631.06665,63.9980469
1127.0,250.0,0.228178337,0.468139648,1632.53333,63.9980469
1128.0,250.0,0.216206014,0.476074219,1634.0,63.9980469
1129.0,250.0,0.2288826,0.460510254,1635.46667,63.9980469
1130.0,250.0,0.241559163,0.467834473,1637.06665,63.9980469
1131.0,250.0,0.223248556,0.47454834,1638.53333,63.9980469
1132.0,250.0,0.224657074,0.4751587,1640.0,63.9980469
1133.0,250.0,0.2457847,0.476074219,1641.46667,63.9980469
1134.0,250.0,0.226065576,0.4751587,1642.93335,63.9980469
1135.0,250.0,0.226769835,0.481567383,1644.4,63.9980469
1136.0,250.0,0.241559163,0.474853516,1646.0,63.9980469
1137.0,250.0,0.245080441,0.475463867,1647.46667,63.9980469
1138.0,250.0,0.233812377,0.496521,1648.93335,63.9980469
1139.0,250.0,0.24296768,0.481567383,1650.4,63.9980469
1140.0,250.0,0.2486017,0.475463867,1651.8667,63.9980469
1141.0,250.0,0.2288826,0.49041748,1653.33337,63.9980469
1142.0,250.0,0.245080441,0.497131348,1654.93335,63.9980469
1143.0,250.0,0.258461267,0.4751587,1656.4,63.9980469
1144.0,250.0,0.242263421,0.4751587,1657.8667,63.9980469
1145.0,250.0,0.24015066,0.497131348,1659.33337,63.9980469
1146.0,250.0,0.259165525,0.475769043,1660.8,63.9980469
1147.0,250.0,0.2626868,0.474853516,1662.26672,63.9980469
1148.0,250.0,0.246488944,0.494689941,1663.8667,63.9980469
1149.0,250.0,0.257757,0.497131348,1665.33337,63.9980469
1150.0,250.0,0.265503824,0.476074219,1666.8,63.9980469
1151.0,250.0,0.259165525,0.47454834,1668.26672,63.9980469
1152.0,250.0,0.257757,0.496826172,1669.73328,63.9980469
1153.0,250.0,0.259869784,0.481567383,1671.2,63.9980469
1154.0,250.0,0.2669123,0.4901123,1672.8,63.9980469
1155.0,250.0,0.2781804,0.497131348,1674.26672,63.9980469
1156.0,250.0,0.250010222,0.5126953,1675.73328,63.9980469
1157.0,250.0,0.280293137,0.513305664,1677.2,63.9980469
1158.0,250.0,0.2760676,0.497436523,1678.66663,63.9980469
1159.0,250.0,0.260574043,0.512084961,1680.1333,63.9980469
1160.0,250.0,0.273954868,0.5126953,1681.6,63.9980469
1161.0,250.0,0.269729346,0.512084961,1683.2,63.9980469
1162.0,250.0,0.2732506,0.51361084,1684.66663,63.9980469
1163.0,250.0,0.285927176,0.5340576,1686.1333,63.9980469
1164.0,250.0,0.2690251,0.5151367,1687.6,63.9980469
1165.0,250.0,0.278884649,0.512084961,1689.06665,63.9980469
1166.0,250.0,0.299308,0.513305664,1690.53333,63.9980469
1167.0,250.0,0.2795889,0.513305664,1692.1333,63.9980469
1168.0,250.0,0.286631435,0.533752441,1693.6,63.9980469
1169.0,250.0,0.296491,0.51361084,1695.06665,63.9980469
1170.0,250.0,0.301420778,0.5175781,1696.53333,63.9980469
1171.0,250.0,0.299308,0.51361084,1698.0,63.9980469
1172.0,250.0,0.28381443,0.5328369,1699.46667,63.9980469
1173.0,250.0,0.302125037,0.5154419,1701.06665,63.9980469
1174.0,250.0,0.325365424,0.4977417,1702.53333,63.9980469
1175.0,250.0,0.2760676,0.52734375,1704.0,63.9980469
1176.0,250.0,0.298603743,0.534667969,1705.46667,63.9980469
1177.0,250.0,0.319731385,0.498657227,1706.93335,63.9980469
1178.0,250.0,0.293673962,0.5081177,1708.4,63.9980469
1179.0,250.0,0.3133931,0.533752441,1710.0,63.9980469
1180.0,250.0,0.302125037,0.534973145,1711.46667,63.9980469
1181.0,250.0,0.307054818,0.5194092,1712.93335,63.9980469
1182.0,250.0,0.302829266,0.534667969,1714.4,63.9980469
1183.0,250.0,0.303533524,0.553588867,1715.8667,63.9980469
1184.0,250.0,0.3084633,0.536499,1717.33337,63.9980469
1185.0,250.0,0.288039953,0.5343628,1718.93335,63.9980469
1186.0,250.0,0.307759047,0.534667969,1720.4,63.9980469
1187.0,250.0,0.2978995,0.555114746,1721.8667,63.9980469
1188.0,250.0,0.2795889,0.5560303,1723.33337,63.9980469
1189.0,250.0,0.300716519,0.533752441,1724.8,63.9980469
1190.0,250.0,0.296491,0.534667969,1726.26672,63.9980469
1191.0,250.0,0.2732506,0.5352783,1727.73328,63.9980469
1192.0,250.0,0.300012261,0.536193848,1729.33337,63.9980469
1193.0,250.0,0.310576081,0.528564453,1730.8,63.9980469
1194.0,250.0,0.3056463,0.54901123,1732.26672,63.9980469
1195.0,250.0,0.296491,0.5569458,1733.73328,63.9980469
1196.0,250.0,0.302829266,0.534973145,1735.2,63.9980469
1197.0,250.0,0.316210121,0.534973145,1736.66663,63.9980469
1198.0,250.0,0.302125037,0.5343628,1738.26672,63.9980469
1199.0,250.0,0.281701654,0.5560303,1739.73328,63.9980469
1200.0,250.0,0.3239569,0.5355835,1741.2,63.9980469
1201.0,250.0,0.3225484,0.5276489,1742.66663,63.9980469
1202.0,250.0,0.295786738,0.5340576,1744.1333,63.9980469
1203.0,250.0,0.299308,0.5343628,1745.73328,63.9980469
1204.0,250.0,0.340859,0.513916,1747.2,63.9980469
1205.0,250.0,0.301420778,0.5270386,1748.66663,63.9980469
1206.0,250.0,0.28381443,0.5545044,1750.1333,63.9980469
1207.0,250.0,0.3267739,0.534973145,1751.6,63.9980469
1208.0,250.0,0.31128034,0.5343628,1753.06665,63.9980469
1209.0,250.0,0.2887442,0.534973145,1754.66663,63.9980469
1210.0,250.0,0.307054818,0.5371094,1756.1333,63.9980469
1211.0,250.0,0.316210121,0.5352783,1757.6,63.9980469
1212.0,250.0,0.286631435,0.5343628,1759.06665,63.9980469
1213.0,250.0,0.301420778,0.553894043,1760.53333,63.9980469
1214.0,250.0,0.312688828,0.5557251,1762.0,63.9980469
1215.0,250.0,0.295786738,0.5569458,1763.6,63.9980469
1216.0,250.0,0.285222918,0.555114746,1765.06665,63.9980469
1217.0,250.0,0.300716519,0.534973145,1766.53333,63.9980469
1218.0,250.0,0.292969733,0.5343628,1768.0,63.9980469
1219.0,250.0,0.290856957,0.5557251,1769.46667,63.9980469
1220.0,250.0,0.304942042,0.5557251,1770.93335,63.9980469
1221.0,250.0,0.277476132,0.5557251,1772.53333,63.9980469
1222.0,250.0,0.291561216,0.5566406,1774.0,63.9980469
1223.0,250.0,0.302125037,0.533447266,1775.46667,63.9980469
1224.0,250.0,0.291561216,0.534667969,1776.93335,63.9980469
1225.0,250.0,0.285222918,0.5554199,1778.4,63.9980469
1226.0,250.0,0.306350559,0.5566406,1779.8667,63.9980469
1227.0,250.0,0.298603743,0.5340576,1781.46667,63.9980469
1228.0,250.0,0.299308,0.5557251,1782.93335,63.9980469
1229.0,250.0,0.310576081,0.5560303,1784.4,63.9980469
1230.0,250.0,0.296491,0.5560303,1785.8667,63.9980469
1231.0,250.0,0.314097345,0.5343628,1787.33337,63.9980469
1232.0,250.0,0.314097345,0.5566406,1788.8,63.9980469
1233.0,250.0,0.3133931,0.5706787,1790.4,63.9980469
1234.0,250.0,0.31691435,0.556335449,1791.8667,63.9980469
1235.0,250.0,0.316210121,0.5560303,1793.33337,63.9980469
1236.0,250.0,0.312688828,0.5557251,1794.8,63.9980469
1237.0,250.0,0.316210121,0.5557251,1796.26672,63.9980469
1238.0,250.0,0.319027126,0.5371094,1797.73328,63.9980469
1239.0,250.0,0.319027126,0.555114746,1799.33337,63.9980469
1240.0,250.0,0.3176186,0.5554199,1800.8,63.9980469
1241.0,250.0,0.335929215,0.54107666,1802.26672,63.9980469
1242.0,250.0,0.304237783,0.534667969,1803.73328,63.9980469
1243.0,250.0,0.3267739,0.5548096,1805.2,63.9980469
1244.0,250.0,0.334520727,0.536499,1806.66663,63.9980469
1245.0,250.0,0.309871823,0.548706055,1808.26672,63.9980469
1246.0,250.0,0.332407951,0.5670166,1809.73328,63.9980469
1247.0,250.0,0.3302952,0.5560303,1811.2,63.9980469
1248.0,250.0,0.319731385,0.5569458,1812.66663,63.9980469
1249.0,250.0,0.320435643,0.5661011,1814.1333,63.9980469
1250.0,250.0,0.3288867,0.571594238,1815.6,63.9980469
1251.0,250.0,0.335929215,0.5557251,1817.2,63.9980469
1252.0,250.0,0.335929215,0.567626953,1818.66663,63.9980469
1253.0,250.0,0.3302952,0.592651367,1820.1333,63.9980469
1254.0,250.0,0.36057812,0.580444336,1821.6,63.9980469
1255.0,250.0,0.3486058,0.572509766,1823.06665,63.9980469
1256.0,250.0,0.3394505,0.609130859,1824.53333,63.9980469
1257.0,250.0,0.35494408,0.6011963,1826.1333,63.9980469
1258.0,250.0,0.3655079,0.5944824,1827.6,63.9980469
1259.0,250.0,0.3471973,0.5944824,1829.06665,63.9980469
1260.0,250.0,0.347901553,0.615539551,1830.53333,63.9980469
1261.0,250.0,0.367620647,0.5957031,1832.0,63.9980469
1262.0,250.0,0.36057812,0.573730469,1833.46667,63.9980469
1263.0,250.0,0.347901553,0.592956543,1835.06665,63.9980469
1264.0,250.0,0.3563526,0.5938721,1836.53333,63.9980469
1265.0,250.0,0.357056856,0.579834,1838.0,63.9980469
1266.0,250.0,0.36057812,0.5718994,1839.46667,63.9980469
1267.0,250.0,0.34931004,0.573730469,1840.93335,63.9980469
1268.0,250.0,0.3591696,0.572814941,1842.4,63.9980469
1269.0,250.0,0.358465344,0.5569458,1844.0,63.9980469
1270.0,250.0,0.35494408,0.5709839,1845.46667,63.9980469
1271.0,250.0,0.3655079,0.5718994,1846.93335,63.9980469
1272.0,250.0,0.357056856,0.5722046,1848.4,63.9980469
1273.0,250.0,0.351422817,0.572509766,1849.8667,63.9980469
1274.0,250.0,0.366916418,0.5718994,1851.33337,63.9980469
1275.0,250.0,0.36057812,0.567626953,1852.93335,63.9980469
1276.0,250.0,0.352831334,0.5722046,1854.4,63.9980469
1277.0,250.0,0.346493036,0.557251,1855.8667,63.9980469
1278.0,250.0,0.369029164,0.572509766,1857.33337,63.9980469
1279.0,250.0,0.361986637,0.568847656,1858.8,63.9980469
1280.0,250.0,0.337337732,0.5718994,1860.26672,63.9980469
1281.0,250.0,0.352831334,0.579834,1861.8667,63.9980469
1282.0,250.0,0.364099383,0.5722046,1863.33337,63.9980469
1283.0,250.0,0.336633474,0.5731201,1864.8,63.9980469
1284.0,250.0,0.329590946,0.594177246,1866.26672,63.9980469
1285.0,250.0,0.375367463,0.579223633,1867.73328,63.9980469
1286.0,250.0,0.352127075,0.5722046,1869.2,63.9980469
1287.0,250.0,0.3211399,0.6085205,1870.8,63.9980469
1288.0,250.0,0.337337732,0.594177246,1872.26672,63.9980469
1289.0,250.0,0.366212159,0.572509766,1873.73328,63.9980469
1290.0,250.0,0.338042,0.586853,1875.2,63.9980469
1291.0,250.0,0.333816469,0.6149292,1876.66663,63.9980469
1292.0,250.0,0.3331122,0.6161499,1878.26672,63.9980469
1293.0,250.0,0.36057812,0.561218262,1879.73328,63.9980469
1294.0,250.0,0.340154737,0.5706787,1881.2,63.9980469
1295.0,250.0,0.316210121,0.613098145,1882.66663,63.9980469
1296.0,250.0,0.3422675,0.601501465,1884.1333,63.9980469
1297.0,250.0,0.35494408,0.5722046,1885.6,63.9980469
1298.0,250.0,0.3317037,0.587768555,1887.06665,63.9980469
1299.0,250.0,0.312688828,0.6152344,1888.66663,63.9980469
1300.0,250.0,0.3535356,0.580444336,1890.1333,63.9980469
1301.0,250.0,0.359873861,0.5569458,1891.6,63.9980469
1302.0,250.0,0.342971772,0.6069946,1893.06665,63.9980469
1303.0,250.0,0.338042,0.6152344,1894.53333,63.9980469
1304.0,250.0,0.3810015,0.5743408,1896.1333,63.9980469
1305.0,250.0,0.361282378,0.5722046,1897.6,63.9980469
1306.0,250.0,0.358465344,0.6140137,1899.06665,63.9980469
1307.0,250.0,0.366916418,0.6011963,1900.53333,63.9980469
1308.0,250.0,0.393678069,0.5722046,1902.0,63.9980469
1309.0,250.0,0.3746632,0.5923462,1903.46667,63.9980469
1310.0,250.0,0.358465344,0.63079834,1905.06665,63.9980469
1311.0,250.0,0.378888726,0.602417,1906.53333,63.9980469
1312.0,250.0,0.3929738,0.5734253,1908.0,63.9980469
1313.0,250.0,0.369029164,0.6072998,1909.46667,63.9980469
1314.0,250.0,0.361986637,0.6158447,1910.93335,63.9980469
1315.0,250.0,0.390861034,0.579834,1912.4,63.9980469
1316.0,250.0,0.385227025,0.592956543,1913.8667,63.9980469
1317.0,250.0,0.369733423,0.63079834,1915.46667,63.9980469
1318.0,250.0,0.381705731,0.633239746,1916.93335,63.9980469
1319.0,250.0,0.394382328,0.601806641,1918.4,63.9980469
1320.0,250.0,0.375367463,0.625610352,1919.8667,63.9980469
1321.0,250.0,0.37677595,0.6524658,1921.33337,63.9980469
1322.0,250.0,0.397199333,0.621643066,1922.8,63.9980469
1323.0,250.0,0.401424855,0.630493164,1924.4,63.9980469
1324.0,250.0,0.381705731,0.6726074,1925.8667,63.9980469
1325.0,250.0,0.3810015,0.654602051,1927.33337,63.9980469
1326.0,250.0,0.4084674,0.6176758,1928.8,63.9980469
1327.0,250.0,0.3929738,0.63079834,1930.26672,63.9980469
1328.0,250.0,0.3887483,0.6536865,1931.73328,63.9980469
1329.0,250.0,0.405650377,0.6390381,1933.33337,63.9980469
1330.0,250.0,0.3950866,0.6326294,1934.8,63.9980469
1331.0,250.0,0.393678069,0.650634766,1936.26672,63.9980469
1332.0,250.0,0.411988676,0.653381348,1937.73328,63.9980469
1333.0,250.0,0.4042419,0.632019043,1939.2,63.9980469
1334.0,250.0,0.390861034,0.6335449,1940.66663,63.9980469
1335.0,250.0,0.404946119,0.6326294,1942.26672,63.9980469
1336.0,250.0,0.4070589,0.616760254,1943.73328,63.9980469
1337.0,250.0,0.3929738,0.6314087,1945.2,63.9980469
1338.0,250.0,0.407763153,0.6326294,1946.66663,63.9980469
1339.0,250.0,0.4133972,0.6161499,1948.1333,63.9980469
1340.0,250.0,0.4084674,0.616760254,1949.6,63.9980469
1341.0,250.0,0.396495074,0.6314087,1951.2,63.9980469
1342.0,250.0,0.402833372,0.621643066,1952.66663,63.9980469
1343.0,250.0,0.4042419,0.615539551,1954.1333,63.9980469
1344.0,250.0,0.4042419,0.6100464,1955.6,63.9980469
1345.0,250.0,0.411284417,0.6152344,1957.06665,63.9980469
1346.0,250.0,0.3979036,0.616760254,1958.53333,63.9980469
1347.0,250.0,0.4021291,0.6158447,1960.1333,63.9980469
1348.0,250.0,0.405650377,0.6161499,1961.6,63.9980469
1349.0,250.0,0.3993121,0.6158447,1963.06665,63.9980469
1350.0,250.0,0.3929738,0.6262207,1964.53333,63.9980469
1351.0,250.0,0.4042419,0.6311035,1966.0,63.9980469
1352.0,250.0,0.4007206,0.6158447,1967.6,63.9980469
1353.0,250.0,0.403537631,0.615539551,1969.06665,63.9980469
1354.0,250.0,0.392269552,0.6152344,1970.53333,63.9980469
1355.0,250.0,0.3950866,0.619812,1972.0,63.9980469
1356.0,250.0,0.405650377,0.6158447,1973.46667,63.9980469
1357.0,250.0,0.396495074,0.615539551,1974.93335,63.9980469
1358.0,250.0,0.3993121,0.631713867,1976.53333,63.9980469
1359.0,250.0,0.414101422,0.6173706,1978.0,63.9980469
1360.0,250.0,0.411284417,0.6274414,1979.46667,63.9980469
1361.0,250.0,0.397199333,0.6463623,1980.93335,63.9980469
1362.0,250.0,0.412692934,0.6341553,1982.4,63.9980469
1363.0,250.0,0.4084674,0.6176758,1983.8667,63.9980469
1364.0,250.0,0.407763153,0.615539551,1985.46667,63.9980469
1365.0,250.0,0.418326974,0.630493164,1986.93335,63.9980469
1366.0,250.0,0.402833372,0.631713867,1988.4,63.9980469
1367.0,250.0,0.423960984,0.6161499,1989.8667,63.9980469
1368.0,250.0,0.412692934,0.6158447,1991.33337,63.9980469
1369.0,250.0,0.394382328,0.645751953,1992.8,63.9980469
1370.0,250.0,0.4098759,0.6323242,1994.4,63.9980469
1371.0,250.0,0.409171641,0.5975342,1995.8667,63.9980469
1372.0,250.0,0.4084674,0.6140137,1997.33337,63.9980469
1373.0,250.0,0.3950866,0.629272461,1998.8,63.9980469
1374.0,250.0,0.406354636,0.6213379,2000.26672,63.9980469
1375.0,250.0,0.424665242,0.6158447,2001.73328,63.9980469
1376.0,250.0,0.4084674,0.630493164,2003.33337,63.9980469
1377.0,250.0,0.412692934,0.653381348,2004.8,63.9980469
1378.0,250.0,0.430299282,0.621643066,2006.26672,63.9980469
1379.0,250.0,0.417622715,0.6161499,2007.73328,63.9980469
1380.0,250.0,0.414805681,0.651855469,2009.2,63.9980469
1381.0,250.0,0.415509939,0.6338501,2010.66663,63.9980469
1382.0,250.0,0.43663758,0.6170654,2012.26672,63.9980469
1383.0,250.0,0.42607376,0.6323242,2013.73328,63.9980469
1384.0,250.0,0.414101422,0.652771,2015.2,63.9980469
1385.0,250.0,0.442975849,0.633239746,2016.66663,63.9980469
1386.0,250.0,0.43663758,0.6161499,2018.1333,63.9980469
1387.0,250.0,0.4373418,0.632019043,2019.6,63.9980469
1388.0,250.0,0.445088625,0.631713867,2021.2,63.9980469
1389.0,250.0,0.445088625,0.631713867,2022.66663,63.9980469
1390.0,250.0,0.473963022,0.632019043,2024.1333,63.9980469
1391.0,250.0,0.45846945,0.6323242,2025.6,63.9980469
1392.0,250.0,0.44790563,0.6326294,2027.06665,63.9980469
1393.0,250.0,0.479597062,0.6326294,2028.53333,63.9980469
1394.0,250.0,0.473963022,0.652771,2030.1333,63.9980469
1395.0,250.0,0.450722635,0.675354,2031.6,63.9980469
1396.0,250.0,0.4591737,0.6555176,2033.06665,63.9980469
1397.0,250.0,0.4824141,0.6326294,2034.53333,63.9980469
1398.0,250.0,0.447201371,0.6729126,2036.0,63.9980469
1399.0,250.0,0.461286455,0.674743652,2037.46667,63.9980469
1400.0,250.0,0.471146017,0.6549072,2039.06665,63.9980469
1401.0,250.0,0.463399231,0.672302246,2040.53333,63.9980469
1402.0,250.0,0.466216236,0.704956055,2042.0,63.9980469
1403.0,250.0,0.465511978,0.690917969,2043.46667,63.9980469
1404.0,250.0,0.472554535,0.675354,2044.93335,63.9980469
1405.0,250.0,0.464807719,0.6750488,2046.4,63.9980469
1406.0,250.0,0.45353967,0.674743652,2048.0,63.9980469
1407.0,250.0,0.479597062,0.690917969,2049.46655,63.9980469
1408.0,250.0,0.468329,0.6903076,2050.93335,63.9980469
1409.0,250.0,0.470441759,0.690917969,2052.4,63.9980469
1410.0,250.0,0.471850276,0.691223145,2053.8667,63.9980469
1411.0,250.0,0.465511978,0.675354,2055.33325,63.9980469
1412.0,250.0,0.495090663,0.679626465,2056.8,63.9980469
1413.0,250.0,0.4697375,0.675354,2058.4,63.9980469
1414.0,250.0,0.466216236,0.6903076,2059.8667,63.9980469
1415.0,250.0,0.497907668,0.691223145,2061.33325,63.9980469
1416.0,250.0,0.483118325,0.6756592,2062.8,63.9980469
1417.0,250.0,0.474667281,0.6854248,2064.2666,63.9980469
1418.0,250.0,0.474667281,0.690917969,2065.7334,63.9980469
1419.0,250.0,0.487343878,0.676269531,2067.33325,63.9980469
1420.0,250.0,0.4943864,0.6750488,2068.8,63.9980469
1421.0,250.0,0.474667281,0.6854248,2070.2666,63.9980469
1422.0,250.0,0.4943864,0.6918335,2071.7334,63.9980469
1423.0,250.0,0.495090663,0.6750488,2073.2,63.9980469
1424.0,250.0,0.471850276,0.653381348,2074.8,63.9980469
1425.0,250.0,0.48593536,0.6744385,2076.2666,63.9980469
1426.0,250.0,0.4915694,0.6750488,2077.7334,63.9980469
1427.0,250.0,0.4880481,0.6756592,2079.2,63.9980469
1428.0,250.0,0.472554535,0.674743652,2080.66675,63.9980469
1429.0,250.0,0.483822584,0.6744385,2082.1333,63.9980469
1430.0,250.0,0.4915694,0.660705566,2083.7334,63.9980469
1431.0,250.0,0.477484316,0.6738281,2085.2,63.9980469
1432.0,250.0,0.4788928,0.6854248,2086.66675,63.9980469
1433.0,250.0,0.483822584,0.690917969,2088.1333,63.9980469
1434.0,250.0,0.492273659,0.6750488,2089.6,63.9980469
1435.0,250.0,0.4760758,0.6744385,2091.06665,63.9980469
1436.0,250.0,0.481709838,0.691223145,2092.66675,63.9980469
1437.0,250.0,0.4929779,0.675354,2094.1333,63.9980469
1438.0,250.0,0.483822584,0.674743652,2095.6,63.9980469
1439.0,250.0,0.47537154,0.6906128,2097.06665,63.9980469
1440.0,250.0,0.500020444,0.6903076,2098.53345,63.9980469
1441.0,250.0,0.48593536,0.681152344,0.0,63.9980469
1442.0,0.0,0.4880481,0.440673828,1.4666667,63.9980469
1443.0,0.0,0.152118891,-2.3840332,2.26666665,63.9980469
1444.0,0.0,0.00140850828,-4.73510742,2.13333344,63.9980469
1445.0,0.0,0.00070425414,-2.78717041,1.73333335,63.9980469
1446.0,0.0,0.441567332,0.6112671,1.73333335,63.9980469
1447.0,0.0,0.5774884,1.00738525,1.86666667,63.9980469
1448.0,0.0,0.0218318775,0.143432617,1.86666667,63.9980469
1449.0,0.0,0.052819062,-0.112915039,1.73333335,63.9980469
1450.0,0.0,0.470441759,-0.0140380859,1.73333335,63.9980469
1451.0,0.0,0.129582763,0.225830078,1.73333335,63.9980469
1452.0,0.0,0.148597628,0.322875977,1.73333335,63.9980469
1453.0,0.0,0.290856957,0.1586914,1.73333335,63.9980469
1454.0,0.0,0.122540221,0.08239746,1.73333335,63.9980469
1455.0,0.0,0.2366294,0.0970459,1.73333335,63.9980469
1456.0,0.0,0.176063538,0.0979614258,1.73333335,63.9980469
