Time (ms),Nset (1/min),Torque (Nm),Current (V),Angle (deg),Depth (mm)
0.0,0.0,-0.00774679566,-0.000915527344,0.0,0.09375
1.0,4.0,-0.004225525,0.0,0.0,0.09765625
2.0,8.0,-0.004929779,0.07507324,0.0,0.095703125
3.0,12.0,0.0,0.171813965,0.13333334,0.09765625
4.0,16.0,0.00211276254,0.235290527,0.13333334,0.103515625
5.0,20.0,-0.00211276254,0.2597046,0.266666681,0.099609375
6.0,24.0,0.01197232,0.262146,0.4,0.095703125
7.0,28.0,0.0147893373,0.2581787,0.533333361,0.09765625
8.0,32.0,0.0133808283,0.25390625,0.6666667,0.09765625
9.0,36.0,0.0316914357,0.271606445,0.933333337,0.1015625
10.0,40.0,0.03450845,0.2758789,1.2,0.10546875
11.0,44.0,0.0366212167,0.2960205,1.33333337,0.09765625
12.0,48.0,0.0260574035,0.296630859,1.73333335,0.1015625
13.0,52.0,0.0176063534,0.2758789,2.0,0.103515625
14.0,56.0,0.0225361325,0.27557373,2.26666665,0.103515625
15.0,60.0,0.0218318775,0.276489258,2.66666675,0.1015625
16.0,64.0,0.02394464,0.3125,3.0666666,0.103515625
17.0,68.0,0.0232403874,0.333251953,3.33333325,0.099609375
18.0,72.0,0.0253531486,0.33416748,3.86666656,0.099609375
19.0,76.0,0.0302829277,0.3338623,4.266667,0.103515625
20.0,80.0,0.0295786746,0.31829834,4.66666651,0.095703125
21.0,84.0,0.0260574035,0.3164673,5.2,0.09765625
22.0,88.0,0.08239774,0.333251953,5.733333,0.09765625
23.0,92.0,0.08591901,0.3869629,6.266667,0.09375
24.0,96.0,0.0711296648,0.413818359,6.8,0.1015625
25.0,100.0,0.0584530942,0.397949219,7.4666667,0.1015625
26.0,104.0,0.04436801,0.361328125,8.0,0.103515625
27.0,108.0,0.0387339778,0.355834961,8.666667,0.10546875
28.0,112.0,0.0429595038,0.3768921,9.333333,0.09765625
29.0,116.0,0.04225525,0.3765869,10.0,0.099609375
30.0,120.0,0.0394382328,0.3564453,10.666667,0.09765625
31.0,124.0,0.03450845,0.377197266,11.4666662,0.1015625
32.0,128.0,0.0373254679,0.39276123,12.2666664,0.10546875
33.0,132.0,0.0316914357,0.3942871,12.9333334,0.1015625
34.0,136.0,0.0380297229,0.378723145,13.7333336,0.099609375
35.0,140.0,0.0373254679,0.3930664,14.666667,0.099609375
36.0,144.0,0.0338042,0.414123535,15.4666662,0.103515625
37.0,148.0,0.0401424877,0.415039063,16.4,0.099609375
38.0,152.0,0.04084674,0.415344238,17.2,0.09765625
39.0,156.0,0.0352127068,0.436401367,18.1333332,0.09375
40.0,160.0,0.0380297229,0.416870117,19.0666676,0.095703125
41.0,164.0,0.0387339778,0.415344238,20.1333332,0.1015625
42.0,168.0,0.0366212167,0.416259766,21.0666676,0.099609375
43.0,172.0,0.0394382328,0.4373169,22.1333332,0.099609375
44.0,176.0,0.0429595038,0.43548584,23.2,0.103515625
45.0,180.0,0.0380297229,0.436706543,24.1333332,0.09765625
46.0,184.0,0.03239569,0.437011719,25.333334,0.103515625
47.0,188.0,0.0352127068,0.4537964,26.4,0.1015625
48.0,192.0,0.04225525,0.458374023,27.6,0.1015625
49.0,196.0,0.0366212167,0.451965332,28.666666,0.103515625
50.0,200.0,0.04084674,0.436706543,29.8666668,0.09765625
51.0,204.0,0.0401424877,0.447692871,31.0666676,0.099609375
52.0,208.0,0.0429595038,0.469055176,32.2666664,0.10546875
53.0,212.0,0.0352127068,0.4534912,33.6,0.099609375
54.0,216.0,0.0464807749,0.452575684,34.9333344,0.09375
55.0,220.0,0.0436637551,0.452575684,36.1333351,0.10546875
56.0,224.0,0.0429595038,0.473022461,37.4666672,0.1015625
57.0,228.0,0.04436801,0.474243164,38.8,0.09375
58.0,232.0,0.0436637551,0.4534912,40.2666664,0.10546875
59.0,236.0,0.04436801,0.450134277,41.6,0.099609375
60.0,240.0,0.04225525,0.454406738,43.0666656,0.1015625
61.0,244.0,0.04929779,0.473938,44.5333328,0.095703125
62.0,248.0,0.045072265,0.458374023,46.0,0.099609375
63.0,250.0,0.04788928,0.440368652,47.4666672,0.09765625
64.0,250.0,0.04577652,0.399169922,49.0666656,0.1015625
65.0,250.0,0.0330999456,0.323181152,50.5333328,0.1015625
66.0,250.0,0.0218318775,0.264282227,52.0,0.1015625
67.0,250.0,0.03591696,0.271606445,53.4666672,0.09765625
68.0,250.0,0.0316914357,0.312194824,54.9333344,0.10546875
69.0,250.0,0.0190148614,0.3164673,56.5333328,0.095703125
70.0,250.0,0.0154935913,0.296630859,58.0,0.1015625
71.0,250.0,0.0401424877,0.296630859,59.4666672,0.103515625
72.0,250.0,0.0274659116,0.2972412,60.9333344,0.1015625
73.0,250.0,0.0169021,0.296630859,62.4,0.09765625
74.0,250.0,0.0309871826,0.2972412,64.0,0.099609375
75.0,250.0,0.02887442,0.3173828,65.46667,0.10546875
76.0,250.0,0.0330999456,0.297851563,66.9333344,0.099609375
77.0,250.0,0.0169021,0.3125,68.4,0.099609375
78.0,250.0,0.0401424877,0.317993164,69.86667,0.1015625
79.0,250.0,0.0183106083,0.317688,71.46667,0.09765625
80.0,250.0,0.03239569,0.31829834,72.9333344,0.09765625
81.0,250.0,0.0169021,0.3173828,74.4,0.099609375
82.0,250.0,0.03450845,0.31829834,75.86667,0.103515625
83.0,250.0,0.0267616566,0.2960205,77.3333359,0.103515625
84.0,250.0,0.02887442,0.296325684,78.8,0.099609375
85.0,250.0,0.0246488955,0.3125,80.4,0.1015625
86.0,250.0,0.0218318775,0.298156738,81.86667,0.09765625
87.0,250.0,0.0316914357,0.2975464,83.3333359,0.1015625
88.0,250.0,0.0225361325,0.296936035,84.8,0.09765625
89.0,250.0,0.0394382328,0.317688,86.26667,0.1015625
90.0,250.0,0.03591696,0.298156738,87.86667,0.095703125
91.0,250.0,0.03591696,0.2972412,89.3333359,0.1015625
92.0,250.0,0.0183106083,0.2960205,90.8,0.099609375
93.0,250.0,0.0436637551,0.296936035,92.26667,0.1015625
94.0,250.0,0.048593536,0.276184082,93.73333,0.099609375
95.0,250.0,0.03591696,0.294494629,95.2,0.099609375
96.0,250.0,0.0169021,0.296630859,96.8,0.1015625
97.0,250.0,0.04436801,0.295715332,98.26667,0.10546875
98.0,250.0,0.0316914357,0.274047852,99.73333,0.095703125
99.0,250.0,0.02394464,0.2947998,101.2,0.09765625
100.0,250.0,0.0183106083,0.2960205,102.666664,0.09765625
101.0,250.0,0.0471850261,0.28137207,104.26667,0.09375
102.0,250.0,0.0232403874,0.27557373,105.73333,0.099609375
103.0,250.0,0.0225361325,0.296630859,107.2,0.10546875
104.0,250.0,0.0274659116,0.2960205,108.666664,0.095703125
105.0,250.0,0.0302829277,0.2770996,110.133331,0.09765625
106.0,250.0,0.0176063534,0.295715332,111.6,0.099609375
107.0,250.0,0.0154935913,0.3173828,113.2,0.099609375
108.0,250.0,0.0436637551,0.2984619,114.666664,0.09765625
109.0,250.0,0.0274659116,0.296630859,116.133331,0.10546875
110.0,250.0,0.0183106083,0.316772461,117.6,0.09765625
111.0,250.0,0.0161978453,0.3173828,119.066666,0.099609375
112.0,250.0,0.0415509939,0.2960205,120.666664,0.103515625
113.0,250.0,0.0295786746,0.3125,122.133331,0.1015625
114.0,250.0,0.0211276244,0.33203125,123.6,0.103515625
115.0,250.0,0.03239569,0.317688,125.066666,0.099609375
116.0,250.0,0.0302829277,0.296630859,126.533333,0.09765625
117.0,250.0,0.0260574035,0.312805176,128.0,0.099609375
118.0,250.0,0.0176063534,0.317688,129.6,0.1015625
119.0,250.0,0.0338042,0.296630859,131.066666,0.103515625
120.0,250.0,0.0330999456,0.296325684,132.53334,0.1015625
121.0,250.0,0.0302829277,0.301513672,134.0,0.099609375
122.0,250.0,0.0338042,0.2960205,135.46666,0.09765625
123.0,250.0,0.0352127068,0.2960205,136.933334,0.099609375
124.0,250.0,0.0366212167,0.295715332,138.53334,0.1015625
125.0,250.0,0.02394464,0.295715332,140.0,0.103515625
126.0,250.0,0.02394464,0.296936035,141.46666,0.1015625
127.0,250.0,0.0309871826,0.276489258,142.933334,0.1015625
128.0,250.0,0.0274659116,0.290527344,144.4,0.091796875
129.0,250.0,0.03591696,0.275268555,146.0,0.099609375
130.0,250.0,0.03450845,0.2758789,147.46666,0.1015625
131.0,250.0,0.0316914357,0.2960205,148.933334,0.099609375
132.0,250.0,0.0281701647,0.296630859,150.4,0.103515625
133.0,250.0,0.0281701647,0.2770996,151.866669,0.1015625
134.0,250.0,0.0260574035,0.2911377,153.333328,0.099609375
135.0,250.0,0.0260574035,0.296325684,154.933334,0.103515625
136.0,250.0,0.02887442,0.296630859,156.4,0.1015625
137.0,250.0,0.0246488955,0.2960205,157.866669,0.103515625
138.0,250.0,0.0267616566,0.2960205,159.333328,0.10546875
139.0,250.0,0.0218318775,0.316772461,160.8,0.095703125
140.0,250.0,0.02887442,0.3024292,162.266663,0.099609375
141.0,250.0,0.0260574035,0.296630859,163.866669,0.1015625
142.0,250.0,0.0281701647,0.312194824,165.333328,0.103515625
143.0,250.0,0.0253531486,0.2984619,166.8,0.09765625
144.0,250.0,0.0309871826,0.296325684,168.266663,0.10546875
145.0,250.0,0.0267616566,0.312805176,169.733337,0.1015625
146.0,250.0,0.0309871826,0.318603516,171.333328,0.1015625
147.0,250.0,0.0274659116,0.2960205,172.8,0.09765625
148.0,250.0,0.0366212167,0.313415527,174.266663,0.1015625
149.0,250.0,0.0295786746,0.317688,175.733337,0.1015625
150.0,250.0,0.0316914357,0.318603516,177.2,0.103515625
151.0,250.0,0.0295786746,0.2960205,178.666672,0.099609375
152.0,250.0,0.0302829277,0.296325684,180.266663,0.09765625
153.0,250.0,0.0133808283,0.296325684,181.733337,0.099609375
154.0,250.0,0.0366212167,0.27557373,183.2,0.1015625
155.0,250.0,0.0211276244,0.274963379,184.666672,0.09765625
156.0,250.0,0.0281701647,0.275268555,186.133331,0.095703125
157.0,250.0,0.0253531486,0.274353027,187.6,0.099609375
158.0,250.0,0.0267616566,0.274963379,189.2,0.09765625
159.0,250.0,0.0295786746,0.29510498,190.666672,0.099609375
160.0,250.0,0.0260574035,0.276794434,192.133331,0.095703125
161.0,250.0,0.0309871826,0.274963379,193.6,0.09765625
162.0,250.0,0.0302829277,0.275268555,195.066666,0.09765625
163.0,250.0,0.0260574035,0.2746582,196.666672,0.099609375
164.0,250.0,0.0218318775,0.2746582,198.133331,0.103515625
165.0,250.0,0.02887442,0.275268555,199.6,0.095703125
166.0,250.0,0.0302829277,0.27557373,201.066666,0.099609375
167.0,250.0,0.02394464,0.2960205,202.53334,0.09765625
168.0,250.0,0.0218318775,0.2960205,204.0,0.099609375
169.0,250.0,0.0295786746,0.296325684,205.6,0.10546875
170.0,250.0,0.03450845,0.296630859,207.066666,0.1015625
171.0,250.0,0.0225361325,0.296630859,208.53334,0.099609375
172.0,250.0,0.0274659116,0.296630859,210.0,0.103515625
173.0,250.0,0.0302829277,0.295715332,211.46666,0.09765625
174.0,250.0,0.0274659116,0.2960205,212.933334,0.1015625
175.0,250.0,0.0176063534,0.296936035,214.53334,0.09765625
176.0,250.0,0.02394464,0.295715332,216.0,0.1015625
177.0,250.0,0.0309871826,0.2975464,217.46666,0.1015625
178.0,250.0,0.0225361325,0.295715332,218.933334,0.09375
179.0,250.0,0.0302829277,0.296936035,220.4,0.095703125
180.0,250.0,0.03591696,0.2960205,221.866669,0.09765625
181.0,250.0,0.0253531486,0.296325684,223.46666,0.10546875
182.0,250.0,0.02394464,0.280151367,224.933334,0.099609375
183.0,250.0,0.0260574035,0.275268555,226.4,0.1015625
184.0,250.0,0.03239569,0.291748047,227.866669,0.09765625
185.0,250.0,0.0260574035,0.276489258,229.333328,0.10546875
186.0,250.0,0.0260574035,0.2746582,230.933334,0.099609375
187.0,250.0,0.0267616566,0.29083252,232.4,0.10546875
188.0,250.0,0.0253531486,0.296630859,233.866669,0.099609375
189.0,250.0,0.0246488955,0.2770996,235.333328,0.1015625
190.0,250.0,0.0183106083,0.29510498,236.8,0.09765625
191.0,250.0,0.02394464,0.296630859,238.266663,0.107421875
192.0,250.0,0.0232403874,0.280151367,239.866669,0.1015625
193.0,250.0,0.0281701647,0.27557373,241.333328,0.10546875
194.0,250.0,0.0169021,0.29510498,242.8,0.1015625
195.0,250.0,0.0267616566,0.2947998,244.266663,0.09765625
196.0,250.0,0.0281701647,0.274963379,245.733337,0.095703125
197.0,250.0,0.0211276244,0.29510498,247.2,0.1015625
198.0,250.0,0.0225361325,0.295715332,248.8,0.099609375
199.0,250.0,0.0295786746,0.296630859,250.266663,0.09765625
200.0,250.0,0.0302829277,0.2972412,251.733337,0.099609375
201.0,250.0,0.0190148614,0.296936035,253.2,0.095703125
202.0,250.0,0.0260574035,0.296325684,254.666672,0.099609375
203.0,250.0,0.0309871826,0.296630859,256.133331,0.095703125
204.0,250.0,0.0309871826,0.296630859,257.733337,0.099609375
205.0,250.0,0.0225361325,0.2960205,259.2,0.10546875
206.0,250.0,0.0246488955,0.296630859,260.666656,0.099609375
207.0,250.0,0.02887442,0.296325684,262.133331,0.103515625
208.0,250.0,0.0330999456,0.2975464,263.6,0.1015625
209.0,250.0,0.0302829277,0.312805176,265.2,0.099609375
210.0,250.0,0.03239569,0.301818848,266.666656,0.1015625
211.0,250.0,0.0253531486,0.296325684,268.133331,0.099609375
212.0,250.0,0.0309871826,0.296630859,269.6,0.107421875
213.0,250.0,0.0394382328,0.280761719,271.066681,0.09765625
214.0,250.0,0.0387339778,0.27557373,272.533325,0.1015625
215.0,250.0,0.0112680662,0.295410156,274.133331,0.095703125
216.0,250.0,0.0281701647,0.281677246,275.6,0.099609375
217.0,250.0,0.03591696,0.2758789,277.066681,0.095703125
218.0,250.0,0.0260574035,0.276184082,278.533325,0.107421875
219.0,250.0,0.0225361325,0.2947998,280.0,0.095703125
220.0,250.0,0.0316914357,0.296936035,281.466675,0.10546875
221.0,250.0,0.0387339778,0.276184082,283.066681,0.09765625
222.0,250.0,0.0197191164,0.2960205,284.533325,0.1015625
223.0,250.0,0.0295786746,0.296630859,286.0,0.103515625
224.0,250.0,0.0260574035,0.276489258,287.466675,0.095703125
225.0,250.0,0.0302829277,0.274963379,288.933319,0.09765625
226.0,250.0,0.0302829277,0.2960205,290.533325,0.107421875
227.0,250.0,0.0281701647,0.2960205,292.0,0.1015625
228.0,250.0,0.0246488955,0.295410156,293.466675,0.09765625
229.0,250.0,0.0309871826,0.295715332,294.933319,0.1015625
230.0,250.0,0.0274659116,0.295410156,296.4,0.103515625
231.0,250.0,0.0211276244,0.2810669,297.866669,0.1015625
232.0,250.0,0.0338042,0.274963379,299.466675,0.1015625
233.0,250.0,0.0302829277,0.296936035,300.933319,0.1015625
234.0,250.0,0.0218318775,0.296630859,302.4,0.099609375
235.0,250.0,0.0176063534,0.296630859,303.866669,0.103515625
236.0,250.0,0.0302829277,0.296630859,305.333344,0.09765625
237.0,250.0,0.0295786746,0.296936035,306.8,0.107421875
238.0,250.0,0.0232403874,0.2960205,308.4,0.09765625
239.0,250.0,0.0232403874,0.296325684,309.866669,0.09765625
240.0,250.0,0.0316914357,0.296325684,311.333344,0.09765625
241.0,250.0,0.0274659116,0.2960205,312.8,0.09765625
242.0,250.0,0.0126765743,0.296325684,314.266663,0.09765625
243.0,250.0,0.0246488955,0.296936035,315.733337,0.103515625
244.0,250.0,0.0260574035,0.280761719,317.333344,0.095703125
245.0,250.0,0.0316914357,0.274963379,318.8,0.1015625
246.0,250.0,0.0197191164,0.296630859,320.266663,0.09765625
247.0,250.0,0.03450845,0.296936035,321.733337,0.103515625
248.0,250.0,0.03239569,0.2972412,323.2,0.091796875
249.0,250.0,0.0225361325,0.296325684,324.8,0.10546875
250.0,250.0,0.0183106083,0.296325684,326.266663,0.103515625
251.0,250.0,0.0429595038,0.281982422,327.733337,0.099609375
252.0,250.0,0.0281701647,0.275268555,329.2,0.099609375
253.0,250.0,0.0246488955,0.27557373,330.666656,0.099609375
254.0,250.0,0.0309871826,0.2746582,332.133331,0.09765625
255.0,250.0,0.03591696,0.2798462,333.733337,0.103515625
256.0,250.0,0.0295786746,0.275268555,335.2,0.099609375
257.0,250.0,0.0154935913,0.274963379,336.666656,0.099609375
258.0,250.0,0.0218318775,0.295715332,338.133331,0.099609375
259.0,250.0,0.0281701647,0.280761719,339.6,0.095703125
260.0,250.0,0.0309871826,0.27557373,341.066681,0.1015625
261.0,250.0,0.0190148614,0.2975464,342.666656,0.1015625
262.0,250.0,0.02887442,0.296936035,344.133331,0.1015625
263.0,250.0,0.0309871826,0.275268555,345.6,0.091796875
264.0,250.0,0.0225361325,0.27557373,347.066681,0.103515625
265.0,250.0,0.0176063534,0.296325684,348.533325,0.09765625
266.0,250.0,0.0232403874,0.296936035,350.133331,0.099609375
267.0,250.0,0.0253531486,0.27557373,351.6,0.099609375
268.0,250.0,0.0183106083,0.312194824,353.066681,0.103515625
269.0,250.0,0.0281701647,0.3164673,354.533325,0.099609375
270.0,250.0,0.0338042,0.296630859,356.0,0.099609375
271.0,250.0,0.0169021,0.3125,357.466675,0.09375
272.0,250.0,0.006338287,0.317993164,359.066681,0.103515625
273.0,250.0,0.0232403874,0.296325684,360.533325,0.09765625
274.0,250.0,0.02887442,0.295715332,362.0,0.09765625
275.0,250.0,0.0260574035,0.3173828,363.466675,0.1015625
276.0,250.0,0.02042337,0.317993164,364.933319,0.107421875
277.0,250.0,0.0352127068,0.2972412,366.4,0.099609375
278.0,250.0,0.0302829277,0.296936035,368.0,0.109375
279.0,250.0,0.0190148614,0.317688,369.466675,0.099609375
280.0,250.0,0.0260574035,0.302734375,370.933319,0.10546875
281.0,250.0,0.03239569,0.296936035,372.4,0.1015625
282.0,250.0,0.0295786746,0.29510498,373.866669,0.103515625
283.0,250.0,0.0169021,0.296325684,375.333344,0.095703125
284.0,250.0,0.0352127068,0.296630859,376.933319,0.1015625
285.0,250.0,0.0295786746,0.276794434,378.4,0.1015625
286.0,250.0,0.0246488955,0.295715332,379.866669,0.103515625
287.0,250.0,0.0281701647,0.294494629,381.333344,0.09765625
288.0,250.0,0.0387339778,0.296936035,382.8,0.095703125
289.0,250.0,0.0246488955,0.29083252,384.266663,0.099609375
290.0,250.0,0.0302829277,0.296630859,385.866669,0.1015625
291.0,250.0,0.02887442,0.280151367,387.333344,0.099609375
292.0,250.0,0.03239569,0.27557373,388.8,0.1015625
293.0,250.0,0.0147893373,0.2972412,390.266663,0.1015625
294.0,250.0,0.0338042,0.316772461,391.733337,0.103515625
295.0,250.0,0.02394464,0.296630859,393.333344,0.103515625
296.0,250.0,0.0183106083,0.2960205,394.8,0.099609375
297.0,250.0,0.0197191164,0.3164673,396.266663,0.099609375
298.0,250.0,0.0267616566,0.296936035,397.733337,0.1015625
299.0,250.0,0.0260574035,0.2975464,399.2,0.1015625
300.0,250.0,0.0197191164,0.3173828,400.666656,0.099609375
301.0,250.0,0.0295786746,0.320739746,402.266663,0.095703125
302.0,250.0,0.0232403874,0.2960205,403.733337,0.09765625
303.0,250.0,0.02394464,0.296936035,405.2,0.107421875
304.0,250.0,0.0218318775,0.3173828,406.666656,0.099609375
305.0,250.0,0.0253531486,0.296630859,408.133331,0.099609375
306.0,250.0,0.02887442,0.295410156,409.6,0.09765625
307.0,250.0,0.03450845,0.312805176,411.2,0.099609375
308.0,250.0,0.02394464,0.3173828,412.666656,0.099609375
309.0,250.0,0.02887442,0.2984619,414.133331,0.103515625
310.0,250.0,0.0373254679,0.296630859,415.6,0.095703125
311.0,250.0,0.0309871826,0.2972412,417.066681,0.099609375
312.0,250.0,0.0246488955,0.2960205,418.533325,0.09765625
313.0,250.0,0.0302829277,0.296325684,420.133331,0.099609375
314.0,250.0,0.03239569,0.295715332,421.6,0.095703125
315.0,250.0,0.0246488955,0.296325684,423.066681,0.1015625
316.0,250.0,0.02394464,0.296936035,424.533325,0.1015625
317.0,250.0,0.0330999456,0.2960205,426.0,0.10546875
318.0,250.0,0.03239569,0.2972412,427.6,0.095703125
319.0,250.0,0.0190148614,0.296936035,429.066681,0.1015625
320.0,250.0,0.0295786746,0.2960205,430.533325,0.099609375
321.0,250.0,0.0352127068,0.296630859,432.0,0.1015625
322.0,250.0,0.0302829277,0.291442871,433.466675,0.09765625
323.0,250.0,0.0169021,0.295410156,434.933319,0.103515625
324.0,250.0,0.0338042,0.276184082,436.533325,0.1015625
325.0,250.0,0.0281701647,0.2960205,438.0,0.107421875
326.0,250.0,0.0126765743,0.296325684,439.466675,0.10546875
327.0,250.0,0.0190148614,0.296325684,440.933319,0.103515625
328.0,250.0,0.0281701647,0.2960205,442.4,0.1015625
329.0,250.0,0.03239569,0.2960205,443.866669,0.099609375
330.0,250.0,0.0126765743,0.312194824,445.466675,0.09765625
331.0,250.0,0.0338042,0.301818848,446.933319,0.09765625
332.0,250.0,0.0436637551,0.296936035,448.4,0.099609375
333.0,250.0,0.0197191164,0.2960205,449.866669,0.099609375
334.0,250.0,0.006338287,0.31829834,451.333344,0.1015625
335.0,250.0,0.03450845,0.302124023,452.8,0.095703125
336.0,250.0,0.0309871826,0.2972412,454.4,0.09765625
337.0,250.0,0.0190148614,0.296630859,455.866669,0.099609375
338.0,250.0,0.0190148614,0.3173828,457.333344,0.103515625
339.0,250.0,0.0274659116,0.317077637,458.8,0.099609375
340.0,250.0,0.0436637551,0.2984619,460.266663,0.103515625
341.0,250.0,0.02042337,0.3173828,461.733337,0.09765625
342.0,250.0,0.0197191164,0.317993164,463.333344,0.1015625
343.0,250.0,0.0366212167,0.3012085,464.8,0.095703125
344.0,250.0,0.0366212167,0.2972412,466.266663,0.103515625
345.0,250.0,0.0211276244,0.2972412,467.733337,0.099609375
346.0,250.0,0.0183106083,0.316772461,469.2,0.09375
347.0,250.0,0.0429595038,0.2810669,470.8,0.099609375
348.0,250.0,0.0316914357,0.276184082,472.266663,0.099609375
349.0,250.0,0.0176063534,0.296325684,473.733337,0.09765625
350.0,250.0,0.0309871826,0.296630859,475.2,0.09765625
351.0,250.0,0.03591696,0.275268555,476.666656,0.095703125
352.0,250.0,0.0260574035,0.275268555,478.133331,0.099609375
353.0,250.0,0.0253531486,0.275268555,479.733337,0.103515625
354.0,250.0,0.04225525,0.27557373,481.2,0.103515625
355.0,250.0,0.0380297229,0.275268555,482.666656,0.099609375
356.0,250.0,0.0154935913,0.2746582,484.133331,0.103515625
357.0,250.0,0.02394464,0.27557373,485.6,0.1015625
358.0,250.0,0.04084674,0.274963379,487.2,0.095703125
359.0,250.0,0.0373254679,0.275268555,488.666656,0.10546875
360.0,250.0,0.0105638122,0.2960205,490.133331,0.10546875
361.0,250.0,0.0352127068,0.296936035,491.6,0.10546875
362.0,250.0,0.04577652,0.274963379,493.066681,0.099609375
363.0,250.0,0.0211276244,0.29510498,494.533325,0.099609375
364.0,250.0,0.006338287,0.315856934,496.133331,0.1015625
365.0,250.0,0.03450845,0.296630859,497.6,0.1015625
366.0,250.0,0.0281701647,0.275268555,499.066681,0.095703125
367.0,250.0,0.0211276244,0.29510498,500.533325,0.095703125
368.0,250.0,0.0260574035,0.316772461,502.0,0.095703125
369.0,250.0,0.045072265,0.296936035,503.466675,0.10546875
370.0,250.0,0.02887442,0.315856934,505.066681,0.095703125
371.0,250.0,0.0197191164,0.31829834,506.533325,0.099609375
372.0,250.0,0.02394464,0.31829834,508.0,0.09765625
373.0,250.0,0.02887442,0.296630859,509.466675,0.103515625
374.0,250.0,0.0316914357,0.296325684,510.933319,0.09765625
375.0,250.0,0.0302829277,0.2972412,512.4,0.10546875
376.0,250.0,0.0161978453,0.296630859,514.0,0.099609375
377.0,250.0,0.0302829277,0.2972412,515.4667,0.099609375
378.0,250.0,0.0302829277,0.296630859,516.93335,0.099609375
379.0,250.0,0.03239569,0.2972412,518.4,0.1015625
380.0,250.0,0.0260574035,0.296325684,519.866638,0.09765625
381.0,250.0,0.0373254679,0.295715332,521.4667,0.103515625
382.0,250.0,0.0274659116,0.2758789,522.93335,0.09375
383.0,250.0,0.0176063534,0.276184082,524.4,0.099609375
384.0,250.0,0.0267616566,0.275268555,525.866638,0.1015625
385.0,250.0,0.0366212167,0.274353027,527.3333,0.103515625
386.0,250.0,0.03239569,0.274963379,528.8,0.1015625
387.0,250.0,0.0211276244,0.294494629,530.4,0.09375
388.0,250.0,0.0338042,0.296630859,531.866638,0.095703125
389.0,250.0,0.0387339778,0.275268555,533.3333,0.103515625
390.0,250.0,0.0253531486,0.2758789,534.8,0.107421875
391.0,250.0,0.0316914357,0.2960205,536.266663,0.1015625
392.0,250.0,0.0401424877,0.276794434,537.733337,0.103515625
393.0,250.0,0.0274659116,0.275268555,539.3333,0.111328125
394.0,250.0,0.0274659116,0.275268555,540.8,0.10546875
395.0,250.0,0.0281701647,0.2758789,542.266663,0.1015625
396.0,250.0,0.03239569,0.274963379,543.733337,0.10546875
397.0,250.0,0.02887442,0.275268555,545.2,0.099609375
398.0,250.0,0.0253531486,0.2960205,546.8,0.099609375
399.0,250.0,0.0316914357,0.296630859,548.266663,0.095703125
400.0,250.0,0.0330999456,0.296936035,549.733337,0.1015625
401.0,250.0,0.0253531486,0.2960205,551.2,0.099609375
402.0,250.0,0.0281701647,0.296630859,552.6667,0.1015625
403.0,250.0,0.0295786746,0.296630859,554.133362,0.1015625
404.0,250.0,0.02887442,0.295715332,555.733337,0.1015625
405.0,250.0,0.0281701647,0.296936035,557.2,0.09765625
406.0,250.0,0.0338042,0.2972412,558.6667,0.103515625
407.0,250.0,0.03450845,0.2960205,560.133362,0.095703125
408.0,250.0,0.02042337,0.296325684,561.6,0.1015625
409.0,250.0,0.02394464,0.296936035,563.06665,0.103515625
410.0,250.0,0.0316914357,0.296630859,564.6667,0.103515625
411.0,250.0,0.0338042,0.295715332,566.133362,0.09765625
412.0,250.0,0.0295786746,0.296325684,567.6,0.1015625
413.0,250.0,0.0225361325,0.296630859,569.06665,0.09765625
414.0,250.0,0.0267616566,0.296325684,570.5333,0.099609375
415.0,250.0,0.0281701647,0.274353027,572.0,2.1171875
416.0,250.0,0.0302829277,0.29083252,573.6,2.625
417.0,250.0,0.0225361325,0.281982422,575.06665,2.93945313
418.0,250.0,0.02394464,0.275268555,576.5333,3.24414063
419.0,250.0,0.03239569,0.275268555,578.0,3.546875
420.0,250.0,0.0309871826,0.2758789,579.4667,3.84570313
421.0,250.0,0.0295786746,0.274963379,581.06665,4.064453
422.0,250.0,0.0309871826,0.27557373,582.5333,4.33203125
423.0,250.0,0.0330999456,0.275268555,584.0,4.625
424.0,250.0,0.0352127068,0.2746582,585.4667,4.92773438
425.0,250.0,0.0295786746,0.275268555,586.93335,5.21875
426.0,250.0,0.0274659116,0.274963379,588.4,5.5078125
427.0,250.0,0.0281701647,0.27557373,590.0,5.7890625
428.0,250.0,0.0232403874,0.2758789,591.4667,6.060547
429.0,250.0,0.02042337,0.290527344,592.93335,6.33398438
430.0,250.0,0.0302829277,0.296630859,594.4,6.60351563
431.0,250.0,0.03239569,0.2960205,595.866638,6.89648438
432.0,250.0,0.0295786746,0.2960205,597.3333,7.171875
433.0,250.0,0.0183106083,0.296325684,598.93335,7.466797
434.0,250.0,0.0302829277,0.295410156,600.4,7.767578
435.0,250.0,0.0281701647,0.296325684,601.866638,8.044922
436.0,250.0,0.0225361325,0.2975464,603.3333,8.277344
437.0,250.0,0.0267616566,0.296936035,604.8,8.5546875
438.0,250.0,0.0302829277,0.296325684,606.266663,8.828125
439.0,250.0,0.0309871826,0.2960205,607.866638,9.126953
440.0,250.0,0.0281701647,0.315856934,609.3333,9.408203
441.0,250.0,0.0380297229,0.317993164,610.8,9.6796875
442.0,250.0,0.03239569,0.2960205,612.266663,9.9375
443.0,250.0,0.0232403874,0.296936035,613.733337,10.2070313
444.0,250.0,0.02887442,0.296325684,615.3333,10.4707031
445.0,250.0,0.0309871826,0.296325684,616.8,10.7382813
446.0,250.0,0.0316914357,0.274353027,618.266663,11.0097656
447.0,250.0,0.0176063534,0.275268555,619.733337,11.2988281
448.0,250.0,0.02394464,0.274353027,621.2,11.5761719
449.0,250.0,0.02887442,0.275268555,622.6667,11.8691406
450.0,250.0,0.0267616566,0.2746582,624.266663,12.1132813
451.0,250.0,0.0274659116,0.27557373,625.733337,12.3769531
452.0,250.0,0.0281701647,0.274353027,627.2,12.6484375
453.0,250.0,0.0295786746,0.260314941,628.6667,12.9355469
454.0,250.0,0.0183106083,0.275268555,630.133362,13.1992188
455.0,250.0,0.0295786746,0.2972412,631.733337,13.484375
456.0,250.0,0.0295786746,0.27557373,633.2,13.7460938
457.0,250.0,0.0232403874,0.275268555,634.6667,14.0019531
458.0,250.0,0.0225361325,0.295715332,636.133362,14.25
459.0,250.0,0.0295786746,0.296630859,637.6,14.4980469
460.0,250.0,0.0253531486,0.280456543,639.06665,14.7734375
461.0,250.0,0.0197191164,0.296630859,640.6667,15.0507813
462.0,250.0,0.0267616566,0.301513672,642.133362,15.3183594
463.0,250.0,0.0281701647,0.296630859,643.6,15.59375
464.0,250.0,0.0274659116,0.296936035,645.06665,15.859375
465.0,250.0,0.0169021,0.3164673,646.5333,16.1640625
466.0,250.0,0.0225361325,0.296936035,648.0,16.4296875
467.0,250.0,0.02394464,0.29083252,649.6,16.6972656
468.0,250.0,0.0253531486,0.312194824,651.06665,16.96875
469.0,250.0,0.02042337,0.3173828,652.5333,17.234375
470.0,250.0,0.0330999456,0.296936035,654.0,17.5019531
471.0,250.0,0.0260574035,0.296325684,655.4667,17.7636719
472.0,250.0,0.0225361325,0.296325684,656.93335,18.0195313
473.0,250.0,0.0338042,0.2960205,658.5333,18.265625
474.0,250.0,0.0387339778,0.2758789,660.0,18.5195313
475.0,250.0,0.0183106083,0.295715332,661.4667,18.7851563
476.0,250.0,0.0260574035,0.2972412,662.93335,19.0449219
477.0,250.0,0.0309871826,0.274047852,664.4,19.3242188
478.0,250.0,0.0246488955,0.274963379,665.866638,19.5917969
479.0,250.0,0.0197191164,0.2911377,667.4667,19.8710938
480.0,250.0,0.0211276244,0.296630859,668.93335,20.1972656
481.0,250.0,0.0338042,0.28137207,670.4,20.4511719
482.0,250.0,0.0281701647,0.275268555,671.866638,20.7167969
483.0,250.0,0.0302829277,0.274353027,673.3333,20.9921875
484.0,250.0,0.0105638122,0.296325684,674.93335,21.2597656
485.0,250.0,0.0309871826,0.2746582,676.4,21.53125
486.0,250.0,0.0197191164,0.274353027,677.866638,21.7929688
487.0,250.0,0.0260574035,0.296936035,679.3333,22.03125
488.0,250.0,0.006338287,0.296325684,680.8,22.2910156
489.0,250.0,0.0295786746,0.296325684,682.266663,22.546875
490.0,250.0,0.0302829277,0.296325684,683.866638,22.80664
491.0,250.0,0.0225361325,0.296936035,685.3333,23.0703125
492.0,250.0,0.02394464,0.2960205,686.8,23.3535156
493.0,250.0,0.0330999456,0.296630859,688.266663,23.6347656
494.0,250.0,0.0211276244,0.3112793,689.733337,23.8945313
495.0,250.0,0.007042541,0.2975464,691.2,24.2714844
496.0,250.0,0.0295786746,0.296325684,692.8,24.5390625
497.0,250.0,0.0309871826,0.296325684,694.266663,24.8085938
498.0,250.0,0.0267616566,0.296325684,695.733337,25.0722656
499.0,250.0,0.0147893373,0.313415527,697.2,25.3417969
500.0,250.0,0.0316914357,0.317688,698.6667,25.5917969
501.0,250.0,0.02887442,0.303039551,700.133362,25.83789
502.0,250.0,0.0147893373,0.296325684,701.733337,26.0722656
503.0,250.0,0.0302829277,0.296630859,703.2,26.3203125
504.0,250.0,0.0316914357,0.296630859,704.6667,26.578125
505.0,250.0,0.0225361325,0.296325684,706.133362,26.8300781
506.0,250.0,0.0225361325,0.295715332,707.6,27.1074219
507.0,250.0,0.02887442,0.296630859,709.2,27.3535156
508.0,250.0,0.0352127068,0.2972412,710.6667,27.6230469
509.0,250.0,0.0316914357,0.290222168,712.133362,27.8671875
510.0,250.0,0.0281701647,0.292663574,713.6,28.2304688
511.0,250.0,0.03591696,0.274047852,715.06665,28.4902344
512.0,250.0,0.02394464,0.2746582,716.5333,28.7460938
513.0,250.0,0.0211276244,0.2746582,718.133362,29.0
514.0,250.0,0.0253531486,0.275268555,719.6,29.2617188
515.0,250.0,0.0316914357,0.27557373,721.06665,29.50586
516.0,250.0,0.0211276244,0.2746582,722.5333,29.7519531
517.0,250.0,0.0246488955,0.274963379,724.0,29.9980469
518.0,250.0,0.0295786746,0.274047852,725.4667,30.2304688
519.0,250.0,0.02042337,0.296630859,727.06665,30.47461
520.0,250.0,0.02394464,0.295715332,728.5333,30.72461
521.0,250.0,0.0246488955,0.295715332,730.0,30.9960938
522.0,250.0,0.0281701647,0.295715332,731.4667,31.2539063
523.0,250.0,0.0246488955,0.296936035,732.93335,31.5078125
524.0,250.0,0.0330999456,0.295410156,734.5333,31.7714844
525.0,250.0,0.0154935913,0.2972412,736.0,32.1894531
526.0,250.0,0.0246488955,0.296936035,737.4667,32.45508
527.0,250.0,0.0246488955,0.296936035,738.93335,32.7089844
528.0,250.0,0.0253531486,0.291442871,740.4,32.9726563
529.0,250.0,0.0253531486,0.3112793,741.866638,33.2421875
530.0,250.0,0.0352127068,0.296325684,743.4667,33.4902344
531.0,250.0,0.0281701647,0.296325684,744.93335,33.7539063
532.0,250.0,0.0211276244,0.3173828,746.4,34.00586
533.0,250.0,0.0260574035,0.3024292,747.866638,34.2402344
534.0,250.0,0.03450845,0.2758789,749.3333,34.48633
535.0,250.0,0.0225361325,0.294494629,750.8,34.7480469
536.0,250.0,0.0232403874,0.2972412,752.4,35.01758
537.0,250.0,0.0218318775,0.2960205,753.866638,35.2890625
538.0,250.0,0.0302829277,0.2975464,755.3333,35.5605469
539.0,250.0,0.02887442,0.2960205,756.8,35.8164063
540.0,250.0,0.0267616566,0.295715332,758.266663,36.2851563
541.0,250.0,0.0267616566,0.280456543,759.733337,36.57422
542.0,250.0,0.0267616566,0.276184082,761.3333,36.859375
543.0,250.0,0.0281701647,0.2758789,762.8,37.1230469
544.0,250.0,0.0338042,0.2746582,764.266663,37.38867
545.0,250.0,0.0330999456,0.27557373,765.733337,37.6582031
546.0,250.0,0.0295786746,0.2746582,767.2,37.91992
547.0,250.0,0.0330999456,0.275268555,768.8,38.1777344
548.0,250.0,0.03239569,0.2746582,770.266663,38.421875
549.0,250.0,0.0225361325,0.2746582,771.733337,38.6855469
550.0,250.0,0.03239569,0.274353027,773.2,38.96289
551.0,250.0,0.0330999456,0.2746582,774.6667,39.2480469
552.0,250.0,0.0281701647,0.274963379,776.133362,39.5097656
553.0,250.0,0.0176063534,0.2746582,777.733337,39.77539
554.0,250.0,0.0274659116,0.2746582,779.2,40.234375
555.0,250.0,0.0274659116,0.274047852,780.6667,40.5214844
556.0,250.0,0.0260574035,0.2911377,782.133362,40.7890625
557.0,250.0,0.0147893373,0.2960205,783.6,41.0703125
558.0,250.0,0.0253531486,0.2975464,785.06665,41.3398438
559.0,250.0,0.0281701647,0.296325684,786.6667,41.6015625
560.0,250.0,0.0211276244,0.296936035,788.133362,41.8769531
561.0,250.0,0.0281701647,0.300292969,789.6,42.1210938
562.0,250.0,0.02394464,0.2960205,791.06665,42.3828125
563.0,250.0,0.0253531486,0.296325684,792.5333,42.63867
564.0,250.0,0.0281701647,0.315551758,794.0,42.8984375
565.0,250.0,0.0316914357,0.302734375,795.6,43.1796875
566.0,250.0,0.0253531486,0.296325684,797.06665,43.45117
567.0,250.0,0.03591696,0.296936035,798.5333,43.7167969
568.0,250.0,0.0253531486,0.295715332,800.0,44.15625
569.0,250.0,0.02042337,0.296630859,801.4667,44.4414063
570.0,250.0,0.0373254679,0.275268555,803.06665,44.7089844
571.0,250.0,0.03239569,0.294189453,804.5333,44.98633
572.0,250.0,0.0218318775,0.296630859,806.0,45.2578125
573.0,250.0,0.02887442,0.276489258,807.4667,45.51953
574.0,250.0,0.0380297229,0.2947998,808.93335,45.79492
575.0,250.0,0.0274659116,0.280761719,810.4,46.0390625
576.0,250.0,0.0281701647,0.275268555,812.0,46.29492
577.0,250.0,0.04084674,0.2758789,813.4667,46.5527344
578.0,250.0,0.0387339778,0.29510498,814.93335,46.8203125
579.0,250.0,0.0169021,0.2960205,816.4,47.09961
580.0,250.0,0.0309871826,0.274047852,817.866638,47.3671875
581.0,250.0,0.03450845,0.2758789,819.4667,47.6328125
582.0,250.0,0.0295786746,0.274963379,820.93335,47.890625
583.0,250.0,0.0105638122,0.274963379,822.4,48.2832031
584.0,250.0,0.0394382328,0.275268555,823.866638,48.578125
585.0,250.0,0.0366212167,0.274963379,825.3333,48.8652344
586.0,250.0,0.0183106083,0.276184082,826.8,49.140625
587.0,250.0,0.005634033,0.296630859,828.4,49.40625
588.0,250.0,0.03450845,0.2810669,829.866638,49.6777344
589.0,250.0,0.0274659116,0.2746582,831.3333,49.9375
590.0,250.0,0.0140850823,0.2960205,832.8,50.1953125
591.0,250.0,0.0253531486,0.317688,834.266663,50.44336
592.0,250.0,0.04084674,0.2972412,835.733337,50.71875
593.0,250.0,0.02887442,0.296630859,837.3333,50.98633
594.0,250.0,0.004225525,0.3161621,838.8,51.2597656
595.0,250.0,0.0316914357,0.296325684,840.266663,51.546875
596.0,250.0,0.02887442,0.2960205,841.733337,51.8105469
597.0,250.0,0.0281701647,0.296325684,843.2,52.20117
598.0,250.0,0.0147893373,0.316772461,844.6667,52.5
599.0,250.0,0.03239569,0.2972412,846.266663,52.78125
600.0,250.0,0.0415509939,0.2960205,847.733337,53.0546875
601.0,250.0,0.0197191164,0.311584473,849.2,53.33789
602.0,250.0,0.02042337,0.3173828,850.6667,53.61133
603.0,250.0,0.0211276244,0.296325684,852.133362,53.8730469
604.0,250.0,0.0415509939,0.27557373,853.6,54.1269531
605.0,250.0,0.0225361325,0.29510498,855.2,54.38867
606.0,250.0,0.0211276244,0.296936035,856.6667,54.6523438
607.0,250.0,0.03450845,0.295410156,858.133362,54.9296875
608.0,250.0,0.0253531486,0.274963379,859.6,55.20703
609.0,250.0,0.0169021,0.2960205,861.06665,55.49414
610.0,250.0,0.0281701647,0.2960205,862.6667,55.7734375
611.0,250.0,0.0387339778,0.276489258,864.133362,56.078125
612.0,250.0,0.03591696,0.274047852,865.6,56.3398438
613.0,250.0,0.0295786746,0.294494629,867.06665,56.61328
614.0,250.0,0.0281701647,0.2770996,868.5333,56.91211
615.0,250.0,0.0232403874,0.275268555,870.0,57.1953125
616.0,250.0,0.02887442,0.2758789,871.6,57.48047
617.0,250.0,0.0302829277,0.274353027,873.06665,57.73828
618.0,250.0,0.0246488955,0.274963379,874.5333,58.00586
619.0,250.0,0.02394464,0.296630859,876.0,58.26953
620.0,250.0,0.0281701647,0.296630859,877.4667,58.5390625
621.0,250.0,0.0281701647,0.2975464,878.93335,58.8144531
622.0,250.0,0.0253531486,0.296325684,880.5333,59.0917969
623.0,250.0,0.0267616566,0.315246582,882.0,59.39453
624.0,250.0,0.0225361325,0.297851563,883.4667,59.6855469
625.0,250.0,0.0260574035,0.295410156,884.93335,59.95508
626.0,250.0,0.0260574035,0.296936035,886.4,60.23633
627.0,250.0,0.02394464,0.2960205,887.866638,60.52539
628.0,250.0,0.0302829277,0.2972412,889.4667,60.82617
629.0,250.0,0.03239569,0.317688,890.93335,61.1210938
630.0,250.0,0.03239569,0.317077637,892.4,61.4140625
631.0,250.0,0.0211276244,0.31829834,893.866638,61.6875
632.0,250.0,0.0246488955,0.296325684,895.3333,61.94922
633.0,250.0,0.0253531486,0.291748047,896.8,62.2402344
634.0,250.0,0.0352127068,0.2960205,898.4,62.5019531
635.0,250.0,0.0366212167,0.296325684,899.866638,62.79297
636.0,250.0,0.0246488955,0.295715332,901.3333,63.0859375
637.0,250.0,0.0309871826,0.291748047,902.8,63.38672
638.0,250.0,0.0260574035,0.28137207,904.266663,63.6972656
639.0,250.0,0.0274659116,0.274353027,905.866638,63.98047
640.0,250.0,0.0253531486,0.2746582,907.3333,63.9980469
641.0,250.0,0.0330999456,0.274353027,908.8,63.9980469
642.0,250.0,0.0274659116,0.274353027,910.266663,63.9980469
643.0,250.0,0.0295786746,0.2758789,911.733337,63.9980469
644.0,250.0,0.0316914357,0.2746582,913.2,63.9980469
645.0,250.0,0.02887442,0.274963379,914.8,63.9980469
646.0,250.0,0.0281701647,0.263671875,916.266663,63.9980469
647.0,250.0,0.0190148614,0.274353027,917.733337,63.9980469
648.0,250.0,0.0260574035,0.295410156,919.2,63.9980469
649.0,250.0,0.0302829277,0.280456543,920.6667,63.9980469
650.0,250.0,0.0352127068,0.2758789,922.266663,63.9980469
651.0,250.0,0.0309871826,0.275268555,923.733337,63.9980469
652.0,250.0,0.0267616566,0.296325684,925.2,63.9980469
653.0,250.0,0.0281701647,0.27557373,926.6667,63.9980469
654.0,250.0,0.0211276244,0.274353027,928.133362,63.9980469
655.0,250.0,0.0225361325,0.296630859,929.6,63.9980469
656.0,250.0,0.03239569,0.295410156,931.2,63.9980469
657.0,250.0,0.0309871826,0.275268555,932.6667,63.9980469
658.0,250.0,0.02887442,0.296325684,934.133362,63.9980469
659.0,250.0,0.0281701647,0.301818848,935.6,63.9980469
660.0,250.0,0.0338042,0.296936035,937.06665,63.9980469
661.0,250.0,0.0246488955,0.2960205,938.5333,63.9980469
662.0,250.0,0.0274659116,0.296936035,940.133362,63.9980469
663.0,250.0,0.0366212167,0.281677246,941.6,63.9980469
664.0,250.0,0.0260574035,0.274353027,943.06665,63.9980469
665.0,250.0,0.0330999456,0.295410156,944.5333,63.9980469
666.0,250.0,0.0295786746,0.296936035,946.0,63.9980469
667.0,250.0,0.03591696,0.27557373,947.4667,63.9980469
668.0,250.0,0.0267616566,0.2947998,949.06665,63.9980469
669.0,250.0,0.02887442,0.295410156,950.5333,63.9980469
670.0,250.0,0.0281701647,0.276794434,952.0,63.9980469
671.0,250.0,0.0295786746,0.273742676,953.4667,63.9980469
672.0,250.0,0.0281701647,0.274353027,954.93335,63.9980469
673.0,250.0,0.0253531486,0.2746582,956.5333,63.9980469
674.0,250.0,0.02394464,0.296630859,958.0,63.9980469
675.0,250.0,0.0232403874,0.274047852,959.4667,63.9980469
676.0,250.0,0.0225361325,0.2746582,960.93335,63.9980469
677.0,250.0,0.0197191164,0.296630859,962.4,63.9980469
678.0,250.0,0.0274659116,0.276489258,963.866638,63.9980469
679.0,250.0,0.0253531486,0.275268555,965.4667,63.9980469
680.0,250.0,0.0232403874,0.296325684,966.93335,63.9980469
681.0,250.0,0.0253531486,0.295715332,968.4,63.9980469
682.0,250.0,0.0295786746,0.281677246,969.866638,63.9980469
683.0,250.0,0.0246488955,0.295715332,971.3333,63.9980469
684.0,250.0,0.0232403874,0.2972412,972.8,63.9980469
685.0,250.0,0.0246488955,0.296630859,974.4,63.9980469
686.0,250.0,0.0260574035,0.296325684,975.866638,63.9980469
687.0,250.0,0.0366212167,0.296936035,977.3333,63.9980469
688.0,250.0,0.0246488955,0.296325684,978.8,63.9980469
689.0,250.0,0.0281701647,0.296325684,980.266663,63.9980469
690.0,250.0,0.03239569,0.296630859,981.733337,63.9980469
691.0,250.0,0.0302829277,0.296325684,983.3333,63.9980469
692.0,250.0,0.0281701647,0.2774048,984.8,63.9980469
693.0,250.0,0.02887442,0.29510498,986.266663,63.9980469
694.0,250.0,0.0352127068,0.2972412,987.733337,63.9980469
695.0,250.0,0.0302829277,0.2758789,989.2,63.9980469
696.0,250.0,0.0316914357,0.274353027,990.8,63.9980469
697.0,250.0,0.0387339778,0.275268555,992.266663,63.9980469
698.0,250.0,0.0211276244,0.293884277,993.733337,63.9980469
699.0,250.0,0.0267616566,0.276489258,995.2,63.9980469
700.0,250.0,0.0309871826,0.2746582,996.6667,63.9980469
701.0,250.0,0.0274659116,0.276184082,998.133362,63.9980469
702.0,250.0,0.0169021,0.274963379,999.733337,63.9980469
703.0,250.0,0.0211276244,0.2746582,1001.2,63.9980469
704.0,250.0,0.0366212167,0.274963379,1002.66669,63.9980469
705.0,250.0,0.0246488955,0.274047852,1004.13336,63.9980469
706.0,250.0,0.0267616566,0.280456543,1005.6,63.9980469
707.0,250.0,0.0253531486,0.296325684,1007.06665,63.9980469
708.0,250.0,0.0295786746,0.275268555,1008.66669,63.9980469
709.0,250.0,0.0295786746,0.295410156,1010.13336,63.9980469
710.0,250.0,0.0302829277,0.280761719,1011.6,63.9980469
711.0,250.0,0.0183106083,0.296630859,1013.06665,63.9980469
712.0,250.0,0.0295786746,0.2960205,1014.53333,63.9980469
713.0,250.0,0.0211276244,0.274353027,1016.13336,63.9980469
714.0,250.0,0.02042337,0.2746582,1017.6,63.9980469
715.0,250.0,0.0295786746,0.294494629,1019.06665,63.9980469
716.0,250.0,0.0295786746,0.296936035,1020.53333,63.9980469
717.0,250.0,0.0267616566,0.274963379,1022.0,63.9980469
718.0,250.0,0.01197232,0.296325684,1023.46667,63.9980469
719.0,250.0,0.03239569,0.296325684,1025.06665,63.9980469
720.0,250.0,0.0260574035,0.295410156,1026.53333,63.9980469
721.0,250.0,0.0253531486,0.296936035,1028.0,63.9980469
722.0,250.0,0.02042337,0.296325684,1029.46667,63.9980469
723.0,250.0,0.0197191164,0.295715332,1030.93335,63.9980469
724.0,250.0,0.0211276244,0.27557373,1032.4,63.9980469
725.0,250.0,0.0176063534,0.295410156,1034.0,63.9980469
726.0,250.0,0.0253531486,0.301818848,1035.46667,63.9980469
727.0,250.0,0.02887442,0.296630859,1036.93335,63.9980469
728.0,250.0,0.0274659116,0.2746582,1038.4,63.9980469
729.0,250.0,0.0197191164,0.2960205,1039.8667,63.9980469
730.0,250.0,0.0232403874,0.296936035,1041.33337,63.9980469
731.0,250.0,0.0352127068,0.276184082,1042.93335,63.9980469
732.0,250.0,0.0281701647,0.2746582,1044.4,63.9980469
733.0,250.0,0.0140850823,0.295715332,1045.8667,63.9980469
734.0,250.0,0.0352127068,0.274963379,1047.33337,63.9980469
735.0,250.0,0.0309871826,0.274963379,1048.8,63.9980469
736.0,250.0,0.0267616566,0.27557373,1050.4,63.9980469
737.0,250.0,0.0225361325,0.2746582,1051.8667,63.9980469
738.0,250.0,0.0302829277,0.270385742,1053.33337,63.9980469
739.0,250.0,0.0302829277,0.274963379,1054.8,63.9980469
740.0,250.0,0.0190148614,0.2746582,1056.26672,63.9980469
741.0,250.0,0.0246488955,0.27557373,1057.73328,63.9980469
742.0,250.0,0.0253531486,0.2746582,1059.33337,63.9980469
743.0,250.0,0.0253531486,0.2746582,1060.8,63.9980469
744.0,250.0,0.0126765743,0.290527344,1062.26672,63.9980469
745.0,250.0,0.0232403874,0.2960205,1063.73328,63.9980469
746.0,250.0,0.0295786746,0.276184082,1065.2,63.9980469
747.0,250.0,0.0281701647,0.2935791,1066.66663,63.9980469
748.0,250.0,0.0126765743,0.296630859,1068.26672,63.9980469
749.0,250.0,0.0260574035,0.2960205,1069.73328,63.9980469
750.0,250.0,0.0197191164,0.296325684,1071.2,63.9980469
751.0,250.0,0.0169021,0.2972412,1072.66663,63.9980469
752.0,250.0,0.0183106083,0.2960205,1074.1333,63.9980469
753.0,250.0,0.0394382328,0.2972412,1075.6,63.9980469
754.0,250.0,0.0232403874,0.311889648,1077.2,63.9980469
755.0,250.0,0.0161978453,0.3173828,1078.66663,63.9980469
756.0,250.0,0.0218318775,0.296325684,1080.1333,63.9980469
757.0,250.0,0.0295786746,0.2947998,1081.6,63.9980469
758.0,250.0,0.02394464,0.295715332,1083.06665,63.9980469
759.0,250.0,0.0133808283,0.312194824,1084.53333,63.9980469
760.0,250.0,0.0281701647,0.2972412,1086.1333,63.9980469
761.0,250.0,0.0316914357,0.296630859,1087.6,63.9980469
762.0,250.0,0.0246488955,0.2960205,1089.06665,63.9980469
763.0,250.0,0.0154935913,0.296630859,1090.53333,63.9980469
764.0,250.0,0.0302829277,0.2960205,1092.0,63.9980469
765.0,250.0,0.02887442,0.295715332,1093.6,63.9980469
766.0,250.0,0.0183106083,0.274963379,1095.06665,63.9980469
767.0,250.0,0.0309871826,0.293884277,1096.53333,63.9980469
768.0,250.0,0.0330999456,0.2960205,1098.0,63.9980469
769.0,250.0,0.0267616566,0.296630859,1099.46667,63.9980469
770.0,250.0,0.0246488955,0.296630859,1100.93335,63.9980469
771.0,250.0,0.0366212167,0.295715332,1102.53333,63.9980469
772.0,250.0,0.0253531486,0.28137207,1104.0,63.9980469
773.0,250.0,0.0274659116,0.2746582,1105.46667,63.9980469
774.0,250.0,0.0274659116,0.2746582,1106.93335,63.9980469
775.0,250.0,0.0281701647,0.274963379,1108.4,63.9980469
776.0,250.0,0.02042337,0.2746582,1109.8667,63.9980469
777.0,250.0,0.0295786746,0.295715332,1111.46667,63.9980469
778.0,250.0,0.0281701647,0.296325684,1112.93335,63.9980469
779.0,250.0,0.0211276244,0.296325684,1114.4,63.9980469
780.0,250.0,0.0190148614,0.296325684,1115.8667,63.9980469
781.0,250.0,0.0253531486,0.296936035,1117.33337,63.9980469
782.0,250.0,0.0211276244,0.296630859,1118.8,63.9980469
783.0,250.0,0.0225361325,0.296936035,1120.4,63.9980469
784.0,250.0,0.0218318775,0.2960205,1121.8667,63.9980469
785.0,250.0,0.0267616566,0.298156738,1123.33337,63.9980469
786.0,250.0,0.0267616566,0.296325684,1124.8,63.9980469
787.0,250.0,0.0154935913,0.295410156,1126.26672,63.9980469
788.0,250.0,0.0225361325,0.2960205,1127.8667,63.9980469
789.0,250.0,0.0260574035,0.296936035,1129.33337,63.9980469
790.0,250.0,0.0366212167,0.296325684,1130.8,63.9980469
791.0,250.0,0.0218318775,0.315551758,1132.26672,63.9980469
792.0,250.0,0.0246488955,0.316772461,1133.73328,63.9980469
793.0,250.0,0.03450845,0.297851563,1135.2,63.9980469
794.0,250.0,0.0260574035,0.276489258,1136.8,63.9980469
795.0,250.0,0.0190148614,0.2960205,1138.26672,63.9980469
796.0,250.0,0.0274659116,0.296325684,1139.73328,63.9980469
797.0,250.0,0.0380297229,0.295715332,1141.2,63.9980469
798.0,250.0,0.02887442,0.295715332,1142.66663,63.9980469
799.0,250.0,0.0218318775,0.296325684,1144.1333,63.9980469
800.0,250.0,0.02887442,0.296630859,1145.73328,63.9980469
801.0,250.0,0.03450845,0.275268555,1147.2,63.9980469
802.0,250.0,0.02394464,0.2746582,1148.66663,63.9980469
803.0,250.0,0.0281701647,0.296630859,1150.1333,63.9980469
804.0,250.0,0.03239569,0.2746582,1151.6,63.9980469
805.0,250.0,0.0309871826,0.27557373,1153.2,63.9980469
806.0,250.0,0.0133808283,0.294494629,1154.66663,63.9980469
807.0,250.0,0.0260574035,0.281677246,1156.1333,63.9980469
808.0,250.0,0.0352127068,0.274963379,1157.6,63.9980469
809.0,250.0,0.0218318775,0.295410156,1159.06665,63.9980469
810.0,250.0,0.009155304,0.317688,1160.53333,63.9980469
811.0,250.0,0.0281701647,0.2975464,1162.1333,63.9980469
812.0,250.0,0.0316914357,0.276794434,1163.6,63.9980469
813.0,250.0,0.0161978453,0.296325684,1165.06665,63.9980469
814.0,250.0,0.0169021,0.297851563,1166.53333,63.9980469
815.0,250.0,0.03450845,0.2960205,1168.0,63.9980469
816.0,250.0,0.0302829277,0.2960205,1169.46667,63.9980469
817.0,250.0,0.005634033,0.317077637,1171.06665,63.9980469
818.0,250.0,0.0281701647,0.3024292,1172.53333,63.9980469
819.0,250.0,0.0309871826,0.296325684,1174.0,63.9980469
820.0,250.0,0.0225361325,0.311584473,1175.46667,63.9980469
821.0,250.0,0.009859558,0.317993164,1176.93335,63.9980469
822.0,250.0,0.0246488955,0.319213867,1178.4,63.9980469
823.0,250.0,0.0373254679,0.296325684,1180.0,63.9980469
824.0,250.0,0.0281701647,0.2960205,1181.46667,63.9980469
825.0,250.0,0.0211276244,0.31829834,1182.93335,63.9980469
826.0,250.0,0.0176063534,0.2960205,1184.4,63.9980469
827.0,250.0,0.0373254679,0.2960205,1185.8667,63.9980469
828.0,250.0,0.0260574035,0.296325684,1187.33337,63.9980469
829.0,250.0,0.0197191164,0.2960205,1188.93335,63.9980469
830.0,250.0,0.0281701647,0.296630859,1190.4,63.9980469
831.0,250.0,0.0352127068,0.296325684,1191.8667,63.9980469
832.0,250.0,0.0267616566,0.276489258,1193.33337,63.9980469
833.0,250.0,0.0197191164,0.274353027,1194.8,63.9980469
834.0,250.0,0.0309871826,0.2746582,1196.4,63.9980469
835.0,250.0,0.0302829277,0.274353027,1197.8667,63.9980469
836.0,250.0,0.0295786746,0.274963379,1199.33337,63.9980469
837.0,250.0,0.0338042,0.270690918,1200.8,63.9980469
838.0,250.0,0.0366212167,0.274963379,1202.26672,63.9980469
839.0,250.0,0.0225361325,0.274963379,1203.73328,63.9980469
840.0,250.0,0.0253531486,0.274963379,1205.33337,63.9980469
841.0,250.0,0.03450845,0.274353027,1206.8,63.9980469
842.0,250.0,0.03450845,0.2758789,1208.26672,63.9980469
843.0,250.0,0.0169021,0.274963379,1209.73328,63.9980469
844.0,250.0,0.0338042,0.2758789,1211.2,63.9980469
845.0,250.0,0.03591696,0.2947998,1212.8,63.9980469
846.0,250.0,0.0246488955,0.2960205,1214.26672,63.9980469
847.0,250.0,0.0112680662,0.296936035,1215.73328,63.9980469
848.0,250.0,0.02394464,0.312194824,1217.2,63.9980469
849.0,250.0,0.0267616566,0.297851563,1218.66663,63.9980469
850.0,250.0,0.0232403874,0.296630859,1220.1333,63.9980469
851.0,250.0,0.0281701647,0.296630859,1221.73328,63.9980469
852.0,250.0,0.03239569,0.3024292,1223.2,63.9980469
853.0,250.0,0.0316914357,0.2960205,1224.66663,63.9980469
854.0,250.0,0.0246488955,0.316772461,1226.1333,63.9980469
855.0,250.0,0.02887442,0.317077637,1227.6,63.9980469
856.0,250.0,0.02394464,0.297851563,1229.06665,63.9980469
857.0,250.0,0.0302829277,0.2972412,1230.66663,63.9980469
858.0,250.0,0.0302829277,0.296936035,1232.1333,63.9980469
859.0,250.0,0.0232403874,0.296936035,1233.6,63.9980469
860.0,250.0,0.02887442,0.298156738,1235.06665,63.9980469
861.0,250.0,0.0260574035,0.296325684,1236.53333,63.9980469
862.0,250.0,0.0302829277,0.289917,1238.0,63.9980469
863.0,250.0,0.02042337,0.2758789,1239.6,63.9980469
864.0,250.0,0.0295786746,0.275268555,1241.06665,63.9980469
865.0,250.0,0.0295786746,0.274353027,1242.53333,63.9980469
866.0,250.0,0.0253531486,0.290222168,1244.0,63.9980469
867.0,250.0,0.0295786746,0.296630859,1245.46667,63.9980469
868.0,250.0,0.04436801,0.275268555,1246.93335,63.9980469
869.0,250.0,0.04929779,0.275268555,1248.53333,63.9980469
870.0,250.0,0.045072265,0.2960205,1250.0,63.9980469
871.0,250.0,0.06267862,0.296325684,1251.46667,63.9980469
872.0,250.0,0.06479138,0.296325684,1252.93335,63.9980469
873.0,250.0,0.03591696,0.3112793,1254.4,63.9980469
874.0,250.0,0.0267616566,0.2972412,1256.0,63.9980469
875.0,250.0,0.04788928,0.274047852,1257.46667,63.9980469
876.0,250.0,0.04436801,0.2758789,1258.93335,63.9980469
877.0,250.0,0.0605658554,0.289001465,1260.4,63.9980469
878.0,250.0,0.06267862,0.2960205,1261.8667,63.9980469
879.0,250.0,0.0500020422,0.31036377,1263.33337,63.9980469
880.0,250.0,0.06338287,0.316772461,1264.93335,63.9980469
881.0,250.0,0.0514105521,0.318603516,1266.4,63.9980469
882.0,250.0,0.045072265,0.296936035,1267.8667,63.9980469
883.0,250.0,0.05422757,0.2960205,1269.33337,63.9980469
884.0,250.0,0.0464807749,0.316772461,1270.8,63.9980469
885.0,250.0,0.04577652,0.2972412,1272.26672,63.9980469
886.0,250.0,0.04225525,0.315551758,1273.8667,63.9980469
887.0,250.0,0.0471850261,0.31829834,1275.33337,63.9980469
888.0,250.0,0.0429595038,0.317077637,1276.8,63.9980469
889.0,250.0,0.04436801,0.2975464,1278.26672,63.9980469
890.0,250.0,0.0514105521,0.316772461,1279.73328,63.9980469
891.0,250.0,0.048593536,0.3173828,1281.2,63.9980469
892.0,250.0,0.052819062,0.3173828,1282.8,63.9980469
893.0,250.0,0.04929779,0.317993164,1284.26672,63.9980469
894.0,250.0,0.0471850261,0.317688,1285.73328,63.9980469
895.0,250.0,0.02887442,0.303039551,1287.2,63.9980469
896.0,250.0,0.0274659116,0.2960205,1288.66663,63.9980469
897.0,250.0,0.0309871826,0.276184082,1290.1333,63.9980469
898.0,250.0,0.045072265,0.29510498,1291.73328,63.9980469
899.0,250.0,0.0507062972,0.290222168,1293.2,63.9980469
900.0,250.0,0.052819062,0.2960205,1294.66663,63.9980469
901.0,250.0,0.0436637551,0.296630859,1296.1333,63.9980469
902.0,250.0,0.0570445843,0.296630859,1297.6,63.9980469
903.0,250.0,0.04929779,0.28137207,1299.2,63.9980469
904.0,250.0,0.0549318232,0.289917,1300.66663,63.9980469
905.0,250.0,0.0521148071,0.295715332,1302.1333,63.9980469
906.0,250.0,0.0535233133,0.2972412,1303.6,63.9980469
907.0,250.0,0.05422757,0.296630859,1305.06665,63.9980469
908.0,250.0,0.05915735,0.3112793,1306.53333,63.9980469
909.0,250.0,0.04577652,0.317688,1308.1333,63.9980469
910.0,250.0,0.052819062,0.296936035,1309.6,63.9980469
911.0,250.0,0.0535233133,0.296936035,1311.06665,63.9980469
912.0,250.0,0.05634033,0.3173828,1312.53333,63.9980469
913.0,250.0,0.0521148071,0.321655273,1314.0,63.9980469
914.0,250.0,0.05915735,0.3173828,1315.46667,63.9980469
915.0,250.0,0.0549318232,0.317993164,1317.06665,63.9980469
916.0,250.0,0.04436801,0.334472656,1318.53333,63.9980469
917.0,250.0,0.05634033,0.317688,1320.0,63.9980469
918.0,250.0,0.0584530942,0.3112793,1321.46667,63.9980469
919.0,250.0,0.04788928,0.33203125,1322.93335,63.9980469
920.0,250.0,0.0535233133,0.3338623,1324.4,63.9980469
921.0,250.0,0.052819062,0.3173828,1326.0,63.9980469
922.0,250.0,0.05422757,0.317688,1327.46667,63.9980469
923.0,250.0,0.04929779,0.317688,1328.93335,63.9980469
924.0,250.0,0.05634033,0.318603516,1330.4,63.9980469
925.0,250.0,0.048593536,0.31829834,1331.8667,63.9980469
926.0,250.0,0.0521148071,0.3173828,1333.33337,63.9980469
927.0,250.0,0.05634033,0.303344727,1334.93335,63.9980469
928.0,250.0,0.04577652,0.295715332,1336.4,63.9980469
929.0,250.0,0.0556360781,0.317688,1337.8667,63.9980469
930.0,250.0,0.0500020422,0.2975464,1339.33337,63.9980469
931.0,250.0,0.05422757,0.296630859,1340.8,63.9980469
932.0,250.0,0.05634033,0.2960205,1342.4,63.9980469
933.0,250.0,0.0556360781,0.295715332,1343.8667,63.9980469
934.0,250.0,0.04084674,0.2972412,1345.33337,63.9980469
935.0,250.0,0.0500020422,0.296325684,1346.8,63.9980469
936.0,250.0,0.0549318232,0.296936035,1348.26672,63.9980469
937.0,250.0,0.0507062972,0.296630859,1349.73328,63.9980469
938.0,250.0,0.05422757,0.316772461,1351.33337,63.9980469
939.0,250.0,0.0570445843,0.3173828,1352.8,63.9980469
940.0,250.0,0.0471850261,0.317688,1354.26672,63.9980469
941.0,250.0,0.04084674,0.31829834,1355.73328,63.9980469
942.0,250.0,0.05422757,0.2972412,1357.2,63.9980469
943.0,250.0,0.05634033,0.311584473,1358.66663,63.9980469
944.0,250.0,0.0500020422,0.317077637,1360.26672,63.9980469
945.0,250.0,0.05634033,0.317993164,1361.73328,63.9980469
946.0,250.0,0.06408713,0.3173828,1363.2,63.9980469
947.0,250.0,0.0598616,0.317993164,1364.66663,63.9980469
948.0,250.0,0.0535233133,0.334472656,1366.1333,63.9980469
949.0,250.0,0.06549563,0.322875977,1367.6,63.9980469
950.0,250.0,0.0676084,0.317993164,1369.2,63.9980469
951.0,250.0,0.0570445843,0.332946777,1370.66663,63.9980469
952.0,250.0,0.05915735,0.323181152,1372.1333,63.9980469
953.0,250.0,0.07958072,0.317993164,1373.6,63.9980469
954.0,250.0,0.0767637044,0.332336426,1375.06665,63.9980469
955.0,250.0,0.0584530942,0.334472656,1376.53333,63.9980469
956.0,250.0,0.06831265,0.31829834,1378.1333,63.9980469
957.0,250.0,0.0739466846,0.317077637,1379.6,63.9980469
958.0,250.0,0.08310199,0.3326416,1381.06665,63.9980469
959.0,250.0,0.06972116,0.334472656,1382.53333,63.9980469
960.0,250.0,0.06549563,0.3173828,1384.0,63.9980469
961.0,250.0,0.08239774,0.317688,1385.46667,63.9980469
962.0,250.0,0.0549318232,0.31829834,1387.06665,63.9980469
963.0,250.0,0.0711296648,0.31829834,1388.53333,63.9980469
964.0,250.0,0.08098923,0.317993164,1390.0,63.9980469
965.0,250.0,0.0725381747,0.323181152,1391.46667,63.9980469
966.0,250.0,0.0556360781,0.328369141,1392.93335,63.9980469
967.0,250.0,0.06127011,0.322875977,1394.53333,63.9980469
968.0,250.0,0.07324243,0.317993164,1396.0,63.9980469
969.0,250.0,0.0690169,0.317688,1397.46667,63.9980469
970.0,250.0,0.06619989,0.333251953,1398.93335,63.9980469
971.0,250.0,0.04225525,0.354919434,1400.4,63.9980469
972.0,250.0,0.0373254679,0.335388184,1401.8667,63.9980469
973.0,250.0,0.04084674,0.2984619,1403.46667,63.9980469
974.0,250.0,0.0281701647,0.2972412,1404.93335,63.9980469
975.0,250.0,0.0176063534,0.315856934,1406.4,63.9980469
976.0,250.0,0.0267616566,0.2960205,1407.8667,63.9980469
977.0,250.0,0.0253531486,0.2947998,1409.33337,63.9980469
978.0,250.0,0.0112680662,0.2960205,1410.8,63.9980469
979.0,250.0,0.0225361325,0.296630859,1412.4,63.9980469
980.0,250.0,0.0316914357,0.2972412,1413.8667,63.9980469
981.0,250.0,0.0246488955,0.2911377,1415.33337,63.9980469
982.0,250.0,0.0112680662,0.296325684,1416.8,63.9980469
983.0,250.0,0.0295786746,0.297851563,1418.26672,63.9980469
984.0,250.0,0.0387339778,0.296630859,1419.8667,63.9980469
985.0,250.0,0.02394464,0.2960205,1421.33337,63.9980469
986.0,250.0,0.0267616566,0.295715332,1422.8,63.9980469
987.0,250.0,0.0352127068,0.296325684,1424.26672,63.9980469
988.0,250.0,0.0267616566,0.275268555,1425.73328,63.9980469
989.0,250.0,0.0253531486,0.296630859,1427.2,63.9980469
990.0,250.0,0.0232403874,0.295715332,1428.8,63.9980469
991.0,250.0,0.0274659116,0.2758789,1430.26672,63.9980469
992.0,250.0,0.0366212167,0.274963379,1431.73328,63.9980469
993.0,250.0,0.0211276244,0.2947998,1433.2,63.9980469
994.0,250.0,0.0302829277,0.276489258,1434.66663,63.9980469
995.0,250.0,0.0309871826,0.2746582,1436.26672,63.9980469
996.0,250.0,0.0295786746,0.275268555,1437.73328,63.9980469
997.0,250.0,0.0253531486,0.274963379,1439.2,63.9980469
998.0,250.0,0.0302829277,0.274963379,1440.66663,63.9980469
999.0,250.0,0.0274659116,0.274963379,1442.1333,63.9980469
1000.0,250.0,0.0281701647,0.2960205,1443.73328,63.9980469
1001.0,250.0,0.0260574035,0.275268555,1445.2,63.9980469
1002.0,250.0,0.0316914357,0.274963379,1446.66663,63.9980469
1003.0,250.0,0.0246488955,0.289306641,1448.1333,63.9980469
1004.0,250.0,0.0211276244,0.281677246,1449.6,63.9980469
1005.0,250.0,0.0281701647,0.275268555,1451.06665,63.9980469
1006.0,250.0,0.0295786746,0.274047852,1452.66663,63.9980469
1007.0,250.0,0.0338042,0.296630859,1454.1333,63.9980469
1008.0,250.0,0.0190148614,0.2960205,1455.6,63.9980469
1009.0,250.0,0.0380297229,0.296630859,1457.06665,63.9980469
1010.0,250.0,0.0570445843,0.317077637,1458.53333,63.9980469
1011.0,250.0,0.0767637044,0.317688,1460.0,63.9980469
1012.0,250.0,0.06338287,0.328369141,1461.6,63.9980469
1013.0,250.0,0.0802849755,0.3491211,1463.06665,63.9980469
1014.0,250.0,0.0774679556,0.33996582,1464.53333,63.9980469
1015.0,250.0,0.0725381747,0.3540039,1466.0,63.9980469
1016.0,250.0,0.08310199,0.3552246,1467.46667,63.9980469
1017.0,250.0,0.09225729,0.354919434,1468.93335,63.9980469
1018.0,250.0,0.08591901,0.3555298,1470.4,63.9980469
1019.0,250.0,0.07324243,0.354614258,1472.0,63.9980469
1020.0,250.0,0.09155304,0.3552246,1473.46667,63.9980469
1021.0,250.0,0.09577856,0.333557129,1474.93335,63.9980469
1022.0,250.0,0.08591901,0.33416748,1476.4,63.9980469
1023.0,250.0,0.08169348,0.3555298,1477.8667,63.9980469
1024.0,250.0,0.104229614,0.354919434,1479.33337,63.9980469
1025.0,250.0,0.08944028,0.335083,1480.93335,63.9980469
1026.0,250.0,0.08662326,0.33416748,1482.4,63.9980469
1027.0,250.0,0.09929983,0.333557129,1483.8667,63.9980469
1028.0,250.0,0.100708343,0.348205566,1485.33337,63.9980469
1029.0,250.0,0.0802849755,0.353393555,1486.8,63.9980469
1030.0,250.0,0.09155304,0.3338623,1488.26672,63.9980469
1031.0,250.0,0.08732751,0.333557129,1489.8667,63.9980469
1032.0,250.0,0.06127011,0.3338623,1491.33337,63.9980469
1033.0,250.0,0.04929779,0.31829834,1492.8,63.9980469
1034.0,250.0,0.0415509939,0.302734375,1494.26672,63.9980469
1035.0,250.0,0.04577652,0.296325684,1495.73328,63.9980469
1036.0,250.0,0.0380297229,0.276794434,1497.33337,63.9980469
1037.0,250.0,0.0464807749,0.29510498,1498.8,63.9980469
1038.0,250.0,0.04225525,0.317077637,1500.26672,63.9980469
1039.0,250.0,0.0464807749,0.317077637,1501.73328,63.9980469
1040.0,250.0,0.0394382328,0.31829834,1503.2,63.9980469
1041.0,250.0,0.0471850261,0.316772461,1504.66663,63.9980469
1042.0,250.0,0.05634033,0.318603516,1506.26672,63.9980469
1043.0,250.0,0.0605658554,0.317688,1507.73328,63.9980469
1044.0,250.0,0.06549563,0.328369141,1509.2,63.9980469
1045.0,250.0,0.06479138,0.3338623,1510.66663,63.9980469
1046.0,250.0,0.06408713,0.334472656,1512.1333,63.9980469
1047.0,250.0,0.06619989,0.334472656,1513.6,63.9980469
1048.0,250.0,0.0802849755,0.353088379,1515.2,63.9980469
1049.0,250.0,0.0676084,0.355834961,1516.66663,63.9980469
1050.0,250.0,0.07817221,0.335693359,1518.1333,63.9980469
1051.0,250.0,0.0711296648,0.334472656,1519.6,63.9980469
1052.0,250.0,0.07324243,0.348205566,1521.06665,63.9980469
1053.0,250.0,0.08169348,0.335388184,1522.53333,63.9980469
1054.0,250.0,0.08591901,0.333557129,1524.1333,63.9980469
1055.0,250.0,0.0760594457,0.348815918,1525.6,63.9980469
1056.0,250.0,0.0788764656,0.3552246,1527.06665,63.9980469
1057.0,250.0,0.09296155,0.335998535,1528.53333,63.9980469
1058.0,250.0,0.0936658,0.333251953,1530.0,63.9980469
1059.0,250.0,0.08380624,0.353393555,1531.46667,63.9980469
1060.0,250.0,0.08873602,0.3552246,1533.06665,63.9980469
1061.0,250.0,0.104229614,0.334472656,1534.53333,63.9980469
1062.0,250.0,0.09859558,0.3338623,1536.0,63.9980469
1063.0,250.0,0.08591901,0.353393555,1537.46667,63.9980469
1064.0,250.0,0.09718707,0.33996582,1538.93335,63.9980469
1065.0,250.0,0.111976407,0.318603516,1540.4,63.9980469
1066.0,250.0,0.09577856,0.348815918,1542.0,63.9980469
1067.0,250.0,0.09507431,0.3540039,1543.46667,63.9980469
1068.0,250.0,0.109159395,0.3552246,1544.93335,63.9980469
1069.0,250.0,0.107046627,0.335083,1546.4,63.9980469
1070.0,250.0,0.08169348,0.3552246,1547.8667,63.9980469
1071.0,250.0,0.09789132,0.355834961,1549.33337,63.9980469
1072.0,250.0,0.116906188,0.3552246,1550.93335,63.9980469
1073.0,250.0,0.100004084,0.369873047,1552.4,63.9980469
1074.0,250.0,0.09014453,0.3918457,1553.8667,63.9980469
1075.0,250.0,0.104229614,0.36315918,1555.33337,63.9980469
1076.0,250.0,0.114793427,0.3555298,1556.8,63.9980469
1077.0,250.0,0.08803177,0.376281738,1558.26672,63.9980469
1078.0,250.0,0.100708343,0.378417969,1559.8667,63.9980469
1079.0,250.0,0.108455136,0.355834961,1561.33337,63.9980469
1080.0,250.0,0.105638124,0.3765869,1562.8,63.9980469
1081.0,250.0,0.08662326,0.380249023,1564.26672,63.9980469
1082.0,250.0,0.101412594,0.363464355,1565.73328,63.9980469
1083.0,250.0,0.104933865,0.354309082,1567.2,63.9980469
1084.0,250.0,0.09859558,0.3692627,1568.8,63.9980469
1085.0,250.0,0.09648282,0.3768921,1570.26672,63.9980469
1086.0,250.0,0.104229614,0.3555298,1571.73328,63.9980469
1087.0,250.0,0.114793427,0.354614258,1573.2,63.9980469
1088.0,250.0,0.107750885,0.369873047,1574.66663,63.9980469
1089.0,250.0,0.100004084,0.3768921,1576.1333,63.9980469
1090.0,250.0,0.1105679,0.354614258,1577.73328,63.9980469
1091.0,250.0,0.11901895,0.354919434,1579.2,63.9980469
1092.0,250.0,0.107750885,0.355834961,1580.66663,63.9980469
1093.0,250.0,0.108455136,0.375976563,1582.1333,63.9980469
1094.0,250.0,0.122540221,0.3552246,1583.6,63.9980469
1095.0,250.0,0.126061484,0.355834961,1585.06665,63.9980469
1096.0,250.0,0.1183147,0.354309082,1586.66663,63.9980469
1097.0,250.0,0.11901895,0.340576172,1588.1333,63.9980469
1098.0,250.0,0.123244472,0.3555298,1589.6,63.9980469
1099.0,250.0,0.123948731,0.3555298,1591.06665,63.9980469
1100.0,250.0,0.123948731,0.354919434,1592.53333,63.9980469
1101.0,250.0,0.1288785,0.3552246,1594.1333,63.9980469
1102.0,250.0,0.126061484,0.3552246,1595.6,63.9980469
1103.0,250.0,0.124652982,0.355834961,1597.06665,63.9980469
1104.0,250.0,0.123948731,0.3555298,1598.53333,63.9980469
1105.0,250.0,0.12817426,0.3753662,1600.0,63.9980469
1106.0,250.0,0.131695524,0.377197266,1601.46667,63.9980469
1107.0,250.0,0.12535724,0.376281738,1603.06665,63.9980469
1108.0,250.0,0.12817426,0.376281738,1604.53333,63.9980469
1109.0,250.0,0.130287021,0.381469727,1606.0,63.9980469
1110.0,250.0,0.133808285,0.3765869,1607.46667,63.9980469
1111.0,250.0,0.12535724,0.3765869,1608.93335,63.9980469
1112.0,250.0,0.1288785,0.3918457,1610.4,63.9980469
1113.0,250.0,0.140146568,0.381164551,1612.0,63.9980469
1114.0,250.0,0.131695524,0.376281738,1613.46667,63.9980469
1115.0,250.0,0.140146568,0.377197266,1614.93335,63.9980469
1116.0,250.0,0.146484867,0.375976563,1616.4,63.9980469
1117.0,250.0,0.140146568,0.3918457,1617.8667,63.9980469
1118.0,250.0,0.129582763,0.387573242,1619.33337,63.9980469
1119.0,250.0,0.152118891,0.393371582,1620.93335,63.9980469
1120.0,250.0,0.140146568,0.3781128,1622.4,63.9980469
1121.0,250.0,0.15282315,0.3765869,1623.8667,63.9980469
1122.0,250.0,0.146484867,0.377197266,1625.33337,63.9980469
1123.0,250.0,0.139442325,0.3765869,1626.8,63.9980469
1124.0,250.0,0.1443721,0.3881836,1628.26672,63.9980469
1125.0,250.0,0.157752931,0.3918457,1629.8667,63.9980469
1126.0,250.0,0.146484867,0.393371582,1631.33337,63.9980469
1127.0,250.0,0.141555086,0.3930664,1632.8,63.9980469
1128.0,250.0,0.15282315,0.393981934,1634.26672,63.9980469
1129.0,250.0,0.15282315,0.39276123,1635.73328,63.9980469
1130.0,250.0,0.157752931,0.392456055,1637.2,63.9980469
1131.0,250.0,0.149301872,0.413208,1638.8,63.9980469
1132.0,250.0,0.15282315,0.3982544,1640.26672,63.9980469
1133.0,250.0,0.159161434,0.414123535,1641.73328,63.9980469
1134.0,250.0,0.148597628,0.393981934,1643.2,63.9980469
1135.0,250.0,0.149301872,0.400085449,1644.66663,63.9980469
1136.0,250.0,0.171838015,0.393676758,1646.1333,63.9980469
1137.0,250.0,0.153527409,0.415039063,1647.6,63.9980469
1138.0,250.0,0.149301872,0.413818359,1649.2,63.9980469
1139.0,250.0,0.171133757,0.4147339,1650.66663,63.9980469
1140.0,250.0,0.152118891,0.415039063,1652.1333,63.9980469
1141.0,250.0,0.147189111,0.4144287,1653.6,63.9980469
1142.0,250.0,0.168316737,0.394897461,1655.06665,63.9980469
1143.0,250.0,0.164091215,0.3930664,1656.66663,63.9980469
1144.0,250.0,0.148597628,0.412597656,1658.1333,63.9980469
1145.0,250.0,0.156344414,0.3994751,1659.6,63.9980469
1146.0,250.0,0.17465502,0.377502441,1661.06665,63.9980469
1147.0,250.0,0.164091215,0.388793945,1662.53333,63.9980469
1148.0,250.0,0.140850827,0.392456055,1664.0,63.9980469
1149.0,250.0,0.169725254,0.3930664,1665.6,63.9980469
1150.0,250.0,0.1781763,0.3930664,1667.06665,63.9980469
1151.0,250.0,0.15282315,0.413818359,1668.53333,63.9980469
1152.0,250.0,0.147189111,0.416259766,1670.0,63.9980469
1153.0,250.0,0.18310608,0.378723145,1671.46667,63.9980469
1154.0,250.0,0.164091215,0.3918457,1672.93335,63.9980469
1155.0,250.0,0.140850827,0.4144287,1674.53333,63.9980469
1156.0,250.0,0.164795473,0.395202637,1676.0,63.9980469
1157.0,250.0,0.173950776,0.41229248,1677.46667,63.9980469
1158.0,250.0,0.166908234,0.4348755,1678.93335,63.9980469
1159.0,250.0,0.15564017,0.421142578,1680.4,63.9980469
1160.0,250.0,0.1704295,0.4144287,1681.8667,63.9980469
1161.0,250.0,0.17465502,0.4144287,1683.46667,63.9980469
1162.0,250.0,0.171133757,0.4296875,1684.93335,63.9980469
1163.0,250.0,0.160569951,0.43548584,1686.4,63.9980469
1164.0,250.0,0.171838015,0.416564941,1687.8667,63.9980469
1165.0,250.0,0.180993319,0.414123535,1689.33337,63.9980469
1166.0,250.0,0.172542259,0.429077148,1690.8,63.9980469
1167.0,250.0,0.173950776,0.4360962,1692.4,63.9980469
1168.0,250.0,0.18310608,0.436401367,1693.8667,63.9980469
1169.0,250.0,0.18028906,0.416259766,1695.33337,63.9980469
1170.0,250.0,0.172542259,0.435791016,1696.8,63.9980469
1171.0,250.0,0.185218841,0.436706543,1698.26672,63.9980469
1172.0,250.0,0.192261383,0.4360962,1699.73328,63.9980469
1173.0,250.0,0.178880557,0.4348755,1701.33337,63.9980469
1174.0,250.0,0.173950776,0.435791016,1702.8,63.9980469
1175.0,250.0,0.195782647,0.416259766,1704.26672,63.9980469
1176.0,250.0,0.184514582,0.415039063,1705.73328,63.9980469
1177.0,250.0,0.181697562,0.434265137,1707.2,63.9980469
1178.0,250.0,0.192261383,0.421142578,1708.66663,63.9980469
1179.0,250.0,0.192965642,0.413818359,1710.26672,63.9980469
1180.0,250.0,0.188035861,0.4147339,1711.73328,63.9980469
1181.0,250.0,0.181697562,0.415039063,1713.2,63.9980469
1182.0,250.0,0.185218841,0.414123535,1714.66663,63.9980469
1183.0,250.0,0.200712427,0.4147339,1716.1333,63.9980469
1184.0,250.0,0.184514582,0.4144287,1717.6,63.9980469
1185.0,250.0,0.172542259,0.4147339,1719.2,63.9980469
1186.0,250.0,0.195782647,0.416564941,1720.66663,63.9980469
1187.0,250.0,0.192261383,0.415039063,1722.1333,63.9980469
1188.0,250.0,0.171838015,0.415039063,1723.6,63.9980469
1189.0,250.0,0.171838015,0.434265137,1725.06665,63.9980469
1190.0,250.0,0.205642208,0.437011719,1726.66663,63.9980469
1191.0,250.0,0.171133757,0.415344238,1728.1333,63.9980469
1192.0,250.0,0.181697562,0.43548584,1729.6,63.9980469
1193.0,250.0,0.192965642,0.4159546,1731.06665,63.9980469
1194.0,250.0,0.17747204,0.4147339,1732.53333,63.9980469
1195.0,250.0,0.17747204,0.433959961,1734.0,63.9980469
1196.0,250.0,0.197895408,0.435180664,1735.6,63.9980469
1197.0,250.0,0.182401821,0.4373169,1737.06665,63.9980469
1198.0,250.0,0.182401821,0.435791016,1738.53333,63.9980469
1199.0,250.0,0.200712427,0.4360962,1740.0,63.9980469
1200.0,250.0,0.191557124,0.4360962,1741.46667,63.9980469
1201.0,250.0,0.176063538,0.4360962,1742.93335,63.9980469
1202.0,250.0,0.1964869,0.43548584,1744.53333,63.9980469
1203.0,250.0,0.195782647,0.446777344,1746.0,63.9980469
1204.0,250.0,0.183810323,0.452880859,1747.46667,63.9980469
1205.0,250.0,0.192261383,0.436706543,1748.93335,63.9980469
1206.0,250.0,0.1964869,0.435791016,1750.4,63.9980469
1207.0,250.0,0.1859231,0.435180664,1751.8667,63.9980469
1208.0,250.0,0.1859231,0.451965332,1753.46667,63.9980469
1209.0,250.0,0.197191164,0.43762207,1754.93335,63.9980469
1210.0,250.0,0.201416686,0.4510498,1756.4,63.9980469
1211.0,250.0,0.193669885,0.451965332,1757.8667,63.9980469
1212.0,250.0,0.20493795,0.440979,1759.33337,63.9980469
1213.0,250.0,0.200008169,0.4373169,1760.8,63.9980469
1214.0,250.0,0.198599666,0.446472168,1762.4,63.9980469
1215.0,250.0,0.193669885,0.452575684,1763.8667,63.9980469
1216.0,250.0,0.207050711,0.4360962,1765.33337,63.9980469
1217.0,250.0,0.209867731,0.4360962,1766.8,63.9980469
1218.0,250.0,0.209163487,0.436401367,1768.26672,63.9980469
1219.0,250.0,0.20493795,0.435791016,1769.73328,63.9980469
1220.0,250.0,0.225361317,0.437011719,1771.33337,63.9980469
1221.0,250.0,0.213389009,0.435791016,1772.8,63.9980469
1222.0,250.0,0.210571989,0.4522705,1774.26672,63.9980469
1223.0,250.0,0.207050711,0.452880859,1775.73328,63.9980469
1224.0,250.0,0.2288826,0.437011719,1777.2,63.9980469
1225.0,250.0,0.209163487,0.437011719,1778.66663,63.9980469
1226.0,250.0,0.17747204,0.451965332,1780.26672,63.9980469
1227.0,250.0,0.231699616,0.438232422,1781.73328,63.9980469
1228.0,250.0,0.224657074,0.44708252,1783.2,63.9980469
1229.0,250.0,0.1964869,0.4727173,1784.66663,63.9980469
1230.0,250.0,0.2211358,0.4736328,1786.1333,63.9980469
1231.0,250.0,0.225361317,0.4537964,1787.6,63.9980469
1232.0,250.0,0.191557124,0.467224121,1789.2,63.9980469
1233.0,250.0,0.214093253,0.473022461,1790.66663,63.9980469
1234.0,250.0,0.213389009,0.473327637,1792.1333,63.9980469
1235.0,250.0,0.1950784,0.4928589,1793.6,63.9980469
1236.0,250.0,0.220431551,0.47454834,1795.06665,63.9980469
1237.0,250.0,0.213389009,0.473022461,1796.53333,63.9980469
1238.0,250.0,0.18310608,0.488586426,1798.1333,63.9980469
1239.0,250.0,0.201416686,0.4751587,1799.6,63.9980469
1240.0,250.0,0.244376183,0.452880859,1801.06665,63.9980469
1241.0,250.0,0.189444363,0.4864502,1802.53333,63.9980469
1242.0,250.0,0.194374144,0.5105591,1804.0,63.9980469
1243.0,250.0,0.245080441,0.461730957,1805.46667,63.9980469
1244.0,250.0,0.210571989,0.45135498,1807.06665,63.9980469
1245.0,250.0,0.197191164,0.48828125,1808.53333,63.9980469
1246.0,250.0,0.244376183,0.48034668,1810.0,63.9980469
1247.0,250.0,0.211980492,0.452880859,1811.46667,63.9980469
1248.0,250.0,0.216910273,0.4727173,1812.93335,63.9980469
1249.0,250.0,0.233812377,0.4727173,1814.4,63.9980469
1250.0,250.0,0.226769835,0.454406738,1816.0,63.9980469
1251.0,250.0,0.214093253,0.451660156,1817.46667,63.9980469
1252.0,250.0,0.216206014,0.466918945,1818.93335,63.9980469
1253.0,250.0,0.21831879,0.4534912,1820.4,63.9980469
1254.0,250.0,0.228178337,0.452880859,1821.8667,63.9980469
1255.0,250.0,0.2274741,0.452880859,1823.33337,63.9980469
1256.0,250.0,0.212684751,0.471496582,1824.93335,63.9980469
1257.0,250.0,0.2274741,0.4598999,1826.4,63.9980469
1258.0,250.0,0.225361317,0.4421997,1827.8667,63.9980469
1259.0,250.0,0.225361317,0.4663086,1829.33337,63.9980469
1260.0,250.0,0.223952815,0.479125977,1830.8,63.9980469
1261.0,250.0,0.233108118,0.4736328,1832.26672,63.9980469
1262.0,250.0,0.2302911,0.473938,1833.8667,63.9980469
1263.0,250.0,0.224657074,0.48828125,1835.33337,63.9980469
1264.0,250.0,0.233812377,0.475463867,1836.8,63.9980469
1265.0,250.0,0.231699616,0.4736328,1838.26672,63.9980469
1266.0,250.0,0.223248556,0.4876709,1839.73328,63.9980469
1267.0,250.0,0.233108118,0.505981445,1841.2,63.9980469
1268.0,250.0,0.238742158,0.494995117,1842.8,63.9980469
1269.0,250.0,0.2274741,0.495605469,1844.26672,63.9980469
1270.0,250.0,0.235925138,0.494995117,1845.73328,63.9980469
1271.0,250.0,0.231699616,0.494995117,1847.2,63.9980469
1272.0,250.0,0.233812377,0.475463867,1848.66663,63.9980469
1273.0,250.0,0.240854919,0.4953003,1850.1333,63.9980469
1274.0,250.0,0.243671939,0.5065918,1851.73328,63.9980469
1275.0,250.0,0.2366294,0.4953003,1853.2,63.9980469
1276.0,250.0,0.258461267,0.481567383,1854.66663,63.9980469
1277.0,250.0,0.250714481,0.474853516,1856.1333,63.9980469
1278.0,250.0,0.235220879,0.494995117,1857.6,63.9980469
1279.0,250.0,0.254235744,0.480957031,1859.06665,63.9980469
1280.0,250.0,0.264799565,0.473327637,1860.66663,63.9980469
1281.0,250.0,0.2486017,0.4953003,1862.1333,63.9980469
1282.0,250.0,0.250714481,0.49621582,1863.6,63.9980469
1283.0,250.0,0.266208053,0.459594727,1865.06665,63.9980469
1284.0,250.0,0.244376183,0.4522705,1866.53333,63.9980469
1285.0,250.0,0.240854919,0.4727173,1868.1333,63.9980469
1286.0,250.0,0.252827227,0.474243164,1869.6,63.9980469
1287.0,250.0,0.259165525,0.452575684,1871.06665,63.9980469
1288.0,250.0,0.240854919,0.471801758,1872.53333,63.9980469
1289.0,250.0,0.250714481,0.47454834,1874.0,63.9980469
1290.0,250.0,0.254235744,0.451965332,1875.46667,63.9980469
1291.0,250.0,0.254235744,0.471496582,1877.06665,63.9980469
1292.0,250.0,0.25141874,0.495910645,1878.53333,63.9980469
1293.0,250.0,0.249305964,0.480651855,1880.0,63.9980469
1294.0,250.0,0.260574043,0.473022461,1881.46667,63.9980469
1295.0,250.0,0.252122968,0.4953003,1882.93335,63.9980469
1296.0,250.0,0.242263421,0.4953003,1884.4,63.9980469
1297.0,250.0,0.255644262,0.49621582,1886.0,63.9980469
1298.0,250.0,0.265503824,0.494995117,1887.46667,63.9980469
1299.0,250.0,0.254235744,0.5117798,1888.93335,63.9980469
1300.0,250.0,0.258461267,0.532226563,1890.4,63.9980469
1301.0,250.0,0.276771873,0.512390137,1891.8667,63.9980469
1302.0,250.0,0.2760676,0.511169434,1893.33337,63.9980469
1303.0,250.0,0.2535315,0.531311035,1894.93335,63.9980469
1304.0,250.0,0.2626868,0.5126953,1896.4,63.9980469
1305.0,250.0,0.285927176,0.511169434,1897.8667,63.9980469
1306.0,250.0,0.2626868,0.5316162,1899.33337,63.9980469
1307.0,250.0,0.2732506,0.534667969,1900.8,63.9980469
1308.0,250.0,0.2809974,0.511169434,1902.26672,63.9980469
1309.0,250.0,0.273954868,0.496521,1903.8667,63.9980469
1310.0,250.0,0.272546351,0.512084961,1905.33337,63.9980469
1311.0,250.0,0.2718421,0.5126953,1906.8,63.9980469
1312.0,250.0,0.266208053,0.512084961,1908.26672,63.9980469
1313.0,250.0,0.285222918,0.49987793,1909.73328,63.9980469
1314.0,250.0,0.283110172,0.4953003,1911.2,63.9980469
1315.0,250.0,0.266208053,0.511169434,1912.8,63.9980469
1316.0,250.0,0.285927176,0.500793457,1914.26672,63.9980469
1317.0,250.0,0.292265475,0.4763794,1915.73328,63.9980469
1318.0,250.0,0.2732506,0.5053711,1917.2,63.9980469
1319.0,250.0,0.285927176,0.532226563,1918.66663,63.9980469
1320.0,250.0,0.297195256,0.501709,1920.1333,63.9980469
1321.0,250.0,0.2901527,0.4953003,1921.73328,63.9980469
1322.0,250.0,0.28381443,0.495605469,1923.2,63.9980469
1323.0,250.0,0.2873357,0.500793457,1924.66663,63.9980469
1324.0,250.0,0.300716519,0.4953003,1926.1333,63.9980469
1325.0,250.0,0.290856957,0.4953003,1927.6,63.9980469
1326.0,250.0,0.28944844,0.5114746,1929.06665,63.9980469
1327.0,250.0,0.3056463,0.5117798,1930.66663,63.9980469
1328.0,250.0,0.300716519,0.495605469,1932.1333,63.9980469
1329.0,250.0,0.298603743,0.5090332,1933.6,63.9980469
1330.0,250.0,0.278884649,0.532226563,1935.06665,63.9980469
1331.0,250.0,0.283110172,0.51361084,1936.53333,63.9980469
1332.0,250.0,0.309871823,0.5117798,1938.0,63.9980469
1333.0,250.0,0.2824059,0.5258179,1939.6,63.9980469
1334.0,250.0,0.2690251,0.5328369,1941.06665,63.9980469
1335.0,250.0,0.312688828,0.501709,1942.53333,63.9980469
1336.0,250.0,0.296491,0.507202148,1944.0,63.9980469
1337.0,250.0,0.2690251,0.551147461,1945.46667,63.9980469
1338.0,250.0,0.292969733,0.5541992,1946.93335,63.9980469
1339.0,250.0,0.316210121,0.513305664,1948.53333,63.9980469
1340.0,250.0,0.275363356,0.531005859,1950.0,63.9980469
1341.0,250.0,0.278884649,0.540161133,1951.46667,63.9980469
1342.0,250.0,0.2978995,0.51361084,1952.93335,63.9980469
1343.0,250.0,0.297195256,0.5114746,1954.4,63.9980469
1344.0,250.0,0.298603743,0.5532837,1955.8667,63.9980469
1345.0,250.0,0.2640953,0.5541992,1957.46667,63.9980469
1346.0,250.0,0.29508248,0.5126953,1958.93335,63.9980469
1347.0,250.0,0.3056463,0.5117798,1960.4,63.9980469
1348.0,250.0,0.2718421,0.5303955,1961.8667,63.9980469
1349.0,250.0,0.2704336,0.5331421,1963.33337,63.9980469
1350.0,250.0,0.302829266,0.512084961,1964.93335,63.9980469
1351.0,250.0,0.292969733,0.5258179,1966.4,63.9980469
1352.0,250.0,0.274659127,0.533752441,1967.8667,63.9980469
1353.0,250.0,0.285222918,0.532226563,1969.33337,63.9980469
1354.0,250.0,0.294378221,0.497436523,1970.8,63.9980469
1355.0,250.0,0.283110172,0.5065918,1972.26672,63.9980469
1356.0,250.0,0.2824059,0.5303955,1973.8667,63.9980469
1357.0,250.0,0.300716519,0.5181885,1975.33337,63.9980469
1358.0,250.0,0.296491,0.512084961,1976.8,63.9980469
1359.0,250.0,0.2901527,0.5114746,1978.26672,63.9980469
1360.0,250.0,0.2978995,0.512084961,1979.73328,63.9980469
1361.0,250.0,0.307759047,0.512084961,1981.2,63.9980469
1362.0,250.0,0.290856957,0.510864258,1982.8,63.9980469
1363.0,250.0,0.296491,0.512390137,1984.26672,63.9980469
1364.0,250.0,0.302125037,0.5114746,1985.73328,63.9980469
1365.0,250.0,0.3056463,0.5117798,1987.2,63.9980469
1366.0,250.0,0.302829266,0.5114746,1988.66663,63.9980469
1367.0,250.0,0.301420778,0.511169434,1990.26672,63.9980469
1368.0,250.0,0.301420778,0.512084961,1991.73328,63.9980469
1369.0,250.0,0.3176186,0.5114746,1993.2,63.9980469
1370.0,250.0,0.300716519,0.5331421,1994.66663,63.9980469
1371.0,250.0,0.302125037,0.5541992,1996.1333,63.9980469
1372.0,250.0,0.321844131,0.5187988,1997.6,63.9980469
1373.0,250.0,0.304942042,0.512390137,1999.2,63.9980469
1374.0,250.0,0.2873357,0.5331421,2000.66663,63.9980469
1375.0,250.0,0.312688828,0.513305664,2002.1333,63.9980469
1376.0,250.0,0.3133931,0.5114746,2003.6,63.9980469
1377.0,250.0,0.28944844,0.5328369,2005.06665,63.9980469
1378.0,250.0,0.3056463,0.533447266,2006.53333,63.9980469
1379.0,250.0,0.310576081,0.5142212,2008.1333,63.9980469
1380.0,250.0,0.306350559,0.5114746,2009.6,63.9980469
1381.0,250.0,0.295786738,0.5328369,2011.06665,63.9980469
1382.0,250.0,0.299308,0.513305664,2012.53333,63.9980469
1383.0,250.0,0.3211399,0.5117798,2014.0,63.9980469
1384.0,250.0,0.310576081,0.5117798,2015.46667,63.9980469
1385.0,250.0,0.3056463,0.5331421,2017.06665,63.9980469
1386.0,250.0,0.3119846,0.51361084,2018.53333,63.9980469
1387.0,250.0,0.310576081,0.495910645,2020.0,63.9980469
1388.0,250.0,0.314097345,0.511169434,2021.46667,63.9980469
1389.0,250.0,0.298603743,0.5331421,2022.93335,63.9980469
1390.0,250.0,0.316210121,0.5352783,2024.4,63.9980469
1391.0,250.0,0.329590946,0.5117798,2026.0,63.9980469
1392.0,250.0,0.3056463,0.531005859,2027.46667,63.9980469
1393.0,250.0,0.300716519,0.5331421,2028.93335,63.9980469
1394.0,250.0,0.3225484,0.5331421,2030.4,63.9980469
1395.0,250.0,0.319731385,0.5264282,2031.8667,63.9980469
1396.0,250.0,0.307054818,0.552063,2033.33337,63.9980469
1397.0,250.0,0.321844131,0.559997559,2034.93335,63.9980469
1398.0,250.0,0.3317037,0.534973145,2036.4,63.9980469
1399.0,250.0,0.319731385,0.546264648,2037.8667,63.9980469
1400.0,250.0,0.31691435,0.5548096,2039.33337,63.9980469
1401.0,250.0,0.332407951,0.5560303,2040.8,63.9980469
1402.0,250.0,0.335929215,0.5548096,2042.26672,63.9980469
1403.0,250.0,0.343676031,0.570068359,2043.8667,63.9980469
1404.0,250.0,0.332407951,0.5706787,2045.33337,63.9980469
1405.0,250.0,0.3486058,0.5545044,2046.8,63.9980469
1406.0,250.0,0.354239821,0.533752441,2048.2666,63.9980469
1407.0,250.0,0.333816469,0.5548096,2049.7334,63.9980469
1408.0,250.0,0.3486058,0.556335449,2051.2,63.9980469
1409.0,250.0,0.364803642,0.5545044,2052.8,63.9980469
1410.0,250.0,0.35494408,0.5545044,2054.2666,63.9980469
1411.0,250.0,0.346493036,0.5593872,2055.7334,63.9980469
1412.0,250.0,0.3563526,0.5404663,2057.2,63.9980469
1413.0,250.0,0.370437682,0.5279541,2058.66675,63.9980469
1414.0,250.0,0.34931004,0.5645752,2060.1333,63.9980469
1415.0,250.0,0.3471973,0.5709839,2061.7334,63.9980469
1416.0,250.0,0.3563526,0.5557251,2063.2,63.9980469
1417.0,250.0,0.3577611,0.547485352,2064.66675,63.9980469
1418.0,250.0,0.3563526,0.5706787,2066.1333,63.9980469
1419.0,250.0,0.340154737,0.559997559,2067.6,63.9980469
1420.0,250.0,0.34931004,0.555114746,2069.06665,63.9980469
1421.0,250.0,0.3591696,0.5657959,2070.66675,63.9980469
1422.0,250.0,0.337337732,0.5899048,2072.1333,63.9980469
1423.0,250.0,0.342971772,0.592651367,2073.6,63.9980469
1424.0,250.0,0.352127075,0.560302734,2075.06665,63.9980469
1425.0,250.0,0.342971772,0.5548096,2076.53345,63.9980469
1426.0,250.0,0.3486058,0.5709839,2078.0,63.9980469
1427.0,250.0,0.32747817,0.571289063,2079.6,63.9980469
1428.0,250.0,0.3535356,0.592041,2081.06665,63.9980469
1429.0,250.0,0.3563526,0.5709839,2082.53345,63.9980469
1430.0,250.0,0.333816469,0.5911255,2084.0,63.9980469
1431.0,250.0,0.358465344,0.5780029,2085.46655,63.9980469
1432.0,250.0,0.354239821,0.5709839,2086.93335,63.9980469
1433.0,250.0,0.347901553,0.571594238,2088.53345,63.9980469
1434.0,250.0,0.35494408,0.590209961,2090.0,63.9980469
1435.0,250.0,0.338042,0.592956543,2091.46655,63.9980469
1436.0,250.0,0.3626909,0.5718994,2092.93335,63.9980469
1437.0,250.0,0.355648339,0.5557251,2094.4,63.9980469
1438.0,250.0,0.338042,0.5706787,2095.8667,63.9980469
1439.0,250.0,0.345084518,0.570373535,2097.46655,63.9980469
1440.0,250.0,0.357056856,0.5557251,2098.93335,63.9980469
1441.0,250.0,0.3563526,0.5545044,2100.4,63.9980469
1442.0,250.0,0.32747817,0.571289063,2101.8667,63.9980469
1443.0,250.0,0.364803642,0.5596924,2103.33325,63.9980469
1444.0,250.0,0.35494408,0.5340576,2104.93335,63.9980469
1445.0,250.0,0.3331122,0.5532837,2106.4,63.9980469
1446.0,250.0,0.329590946,0.5706787,2107.8667,63.9980469
1447.0,250.0,0.361282378,0.5606079,2109.33325,63.9980469
1448.0,250.0,0.335224956,0.569152832,2110.8,63.9980469
1449.0,250.0,0.3239569,0.5862427,2112.2666,63.9980469
1450.0,250.0,0.354239821,0.571289063,2113.8667,63.9980469
1451.0,250.0,0.33874625,0.5545044,2115.33325,63.9980469
1452.0,250.0,0.330999434,0.5697632,2116.8,63.9980469
1453.0,250.0,0.3471973,0.592041,2118.2666,63.9980469
1454.0,250.0,0.3422675,0.5731201,2119.7334,63.9980469
1455.0,250.0,0.340859,0.5856323,2121.2,63.9980469
1456.0,250.0,0.346493036,0.5932617,2122.8,63.9980469
1457.0,250.0,0.3331122,0.5935669,2124.2666,63.9980469
1458.0,250.0,0.3591696,0.572814941,2125.7334,63.9980469
1459.0,250.0,0.3394505,0.5847168,2127.2,63.9980469
1460.0,250.0,0.347901553,0.6121826,2128.66675,63.9980469
1461.0,250.0,0.350718558,0.6140137,2130.1333,63.9980469
1462.0,250.0,0.3443803,0.5923462,2131.7334,63.9980469
1463.0,250.0,0.359873861,0.591430664,2133.2,63.9980469
1464.0,250.0,0.3394505,0.592651367,2134.66675,63.9980469
1465.0,250.0,0.34931004,0.592651367,2136.1333,63.9980469
1466.0,250.0,0.366212159,0.5935669,2137.6,63.9980469
1467.0,250.0,0.34931004,0.6137085,2139.06665,63.9980469
1468.0,250.0,0.358465344,0.614318848,2140.66675,63.9980469
1469.0,250.0,0.363395125,0.577697754,2142.1333,63.9980469
1470.0,250.0,0.364099383,0.5718994,2143.6,63.9980469
1471.0,250.0,0.35494408,0.59173584,2145.06665,63.9980469
1472.0,250.0,0.3626909,0.592651367,2146.53345,63.9980469
1473.0,250.0,0.376071721,0.5718994,2148.0,63.9980469
1474.0,250.0,0.3626909,0.5938721,2149.6,63.9980469
1475.0,250.0,0.3810015,0.592041,2151.06665,63.9980469
1476.0,250.0,0.366916418,0.572509766,2152.53345,63.9980469
1477.0,250.0,0.376071721,0.571289063,2154.0,63.9980469
1478.0,250.0,0.3810015,0.5709839,2155.46655,63.9980469
1479.0,250.0,0.361986637,0.590515137,2156.93335,63.9980469
1480.0,250.0,0.395790815,0.592956543,2158.53345,63.9980469
1481.0,250.0,0.3746632,0.5923462,2160.0,63.9980469
1482.0,250.0,0.3718462,0.592956543,2161.46655,63.9980469
1483.0,250.0,0.3929738,0.5731201,2162.93335,63.9980469
1484.0,250.0,0.375367463,0.585022,2164.4,63.9980469
1485.0,250.0,0.3732547,0.6121826,2165.8667,63.9980469
1486.0,250.0,0.384522766,0.6008911,2167.46655,63.9980469
1487.0,250.0,0.376071721,0.592651367,2168.93335,63.9980469
1488.0,250.0,0.389452547,0.614624,2170.4,63.9980469
1489.0,250.0,0.369029164,0.614318848,2171.8667,63.9980469
1490.0,250.0,0.3774802,0.592651367,2173.33325,63.9980469
1491.0,250.0,0.393678069,0.592651367,2174.8,63.9980469
1492.0,250.0,0.3683249,0.6240845,2176.4,63.9980469
1493.0,250.0,0.3810015,0.630493164,2177.8667,63.9980469
1494.0,250.0,0.383114249,0.6152344,2179.33325,63.9980469
1495.0,250.0,0.3901568,0.5938721,2180.8,63.9980469
1496.0,250.0,0.378184468,0.6137085,2182.2666,63.9980469
1497.0,250.0,0.383114249,0.6134033,2183.7334,63.9980469
1498.0,250.0,0.383114249,0.614318848,2185.33325,63.9980469
1499.0,250.0,0.383114249,0.614624,2186.8,63.9980469
1500.0,250.0,0.384522766,0.6140137,2188.2666,63.9980469
1501.0,250.0,0.369733423,0.614318848,2189.7334,63.9980469
1502.0,250.0,0.390861034,0.600280762,2191.2,63.9980469
1503.0,250.0,0.394382328,0.592651367,2192.66675,63.9980469
1504.0,250.0,0.3732547,0.606689453,2194.2666,63.9980469
1505.0,250.0,0.384522766,0.629272461,2195.7334,63.9980469
1506.0,250.0,0.3901568,0.6137085,2197.2,63.9980469
1507.0,250.0,0.379592985,0.592956543,2198.66675,63.9980469
1508.0,250.0,0.3746632,0.5935669,2200.1333,63.9980469
1509.0,250.0,0.3774802,0.5932617,2201.7334,63.9980469
1510.0,250.0,0.387339771,0.5734253,2203.2,63.9980469
1511.0,250.0,0.3732547,0.5856323,2204.66675,63.9980469
1512.0,250.0,0.38241,0.5923462,2206.1333,63.9980469
1513.0,250.0,0.388044029,0.5932617,2207.6,63.9980469
1514.0,250.0,0.380297244,0.571289063,2209.06665,63.9980469
1515.0,250.0,0.3838185,0.571289063,2210.66675,63.9980469
1516.0,250.0,0.3732547,0.5859375,2212.1333,63.9980469
1517.0,250.0,0.3901568,0.5780029,2213.6,63.9980469
1518.0,250.0,0.400016338,0.570068359,2215.06665,63.9980469
1519.0,250.0,0.375367463,0.6069946,2216.53345,63.9980469
1520.0,250.0,0.3810015,0.614318848,2218.1333,63.9980469
1521.0,250.0,0.400016338,0.5786133,2219.6,63.9980469
1522.0,250.0,0.389452547,0.5856323,2221.06665,63.9980469
1523.0,250.0,0.378888726,0.6237793,2222.53345,63.9980469
1524.0,250.0,0.387339771,0.61920166,2224.0,63.9980469
1525.0,250.0,0.415509939,0.6008911,2225.46655,63.9980469
1526.0,250.0,0.3774802,0.6246948,2226.93335,63.9980469
1527.0,250.0,0.3683249,0.6365967,2228.53345,63.9980469
1528.0,250.0,0.400016338,0.6008911,2230.0,63.9980469
1529.0,250.0,0.403537631,0.5932617,2231.46655,63.9980469
1530.0,250.0,0.3718462,0.6274414,2232.93335,63.9980469
1531.0,250.0,0.35494408,0.652160645,2234.4,63.9980469
1532.0,250.0,0.401424855,0.620727539,2236.0,63.9980469
1533.0,250.0,0.400016338,0.612792969,2237.46655,63.9980469
1534.0,250.0,0.3732547,0.643310547,2238.93335,63.9980469
1535.0,250.0,0.384522766,0.619812,2240.4,63.9980469
1536.0,250.0,0.404946119,0.592651367,2241.8667,63.9980469
1537.0,250.0,0.4070589,0.6121826,2243.33325,63.9980469
1538.0,250.0,0.392269552,0.6500244,2244.8,63.9980469
1539.0,250.0,0.402833372,0.630188,2246.4,63.9980469
1540.0,250.0,0.426778018,0.5950928,2247.8667,63.9980469
1541.0,250.0,0.406354636,0.6134033,2249.33325,63.9980469
1542.0,250.0,0.4225525,0.630493164,2250.8,63.9980469
1543.0,250.0,0.4317078,0.615539551,2252.2666,63.9980469
1544.0,250.0,0.4331163,0.614318848,2253.8667,63.9980469
1545.0,250.0,0.432412028,0.6491089,2255.33325,63.9980469
1546.0,250.0,0.433820546,0.6375122,2256.8,63.9980469
1547.0,250.0,0.461286455,0.630493164,2258.2666,63.9980469
1548.0,250.0,0.4464971,0.629272461,2259.7334,63.9980469
1549.0,250.0,0.445792884,0.649414063,2261.2,63.9980469
1550.0,250.0,0.455652416,0.6515503,2262.66675,63.9980469
1551.0,250.0,0.45353967,0.651855469,2264.2666,63.9980469
1552.0,250.0,0.449314147,0.6524658,2265.7334,63.9980469
1553.0,250.0,0.4486099,0.651855469,2267.2,63.9980469
1554.0,250.0,0.4345248,0.63079834,2268.66675,63.9980469
1555.0,250.0,0.4577652,0.6451416,2270.1333,63.9980469
1556.0,250.0,0.435933322,0.6512451,2271.6,63.9980469
1557.0,250.0,0.4317078,0.6726074,2273.2,63.9980469
1558.0,250.0,0.457060933,0.6536865,2274.66675,63.9980469
1559.0,250.0,0.440158844,0.6512451,2276.1333,63.9980469
1560.0,250.0,0.42043972,0.6719971,2277.6,63.9980469
1561.0,250.0,0.435229063,0.6524658,2279.06665,63.9980469
1562.0,250.0,0.435933322,0.6524658,2280.53345,63.9980469
1563.0,250.0,0.418326974,0.6704712,2282.1333,63.9980469
1564.0,250.0,0.426778018,0.6729126,2283.6,63.9980469
1565.0,250.0,0.438750327,0.654602051,2285.06665,63.9980469
1566.0,250.0,0.430299282,0.629577637,2286.53345,63.9980469
1567.0,250.0,0.415509939,0.6512451,2288.0,63.9980469
1568.0,250.0,0.4253695,0.633239746,2289.46655,63.9980469
1569.0,250.0,0.4281865,0.630493164,2291.06665,63.9980469
1570.0,250.0,0.42043972,0.64453125,2292.53345,63.9980469
1571.0,250.0,0.432412028,0.652160645,2294.0,63.9980469
1572.0,250.0,0.427482277,0.6378174,2295.46655,63.9980469
1573.0,250.0,0.414101422,0.619506836,2296.93335,63.9980469
1574.0,250.0,0.43663758,0.6140137,2298.53345,63.9980469
1575.0,250.0,0.4281865,0.629577637,2300.0,63.9980469
1576.0,250.0,0.410580158,0.6512451,2301.46655,63.9980469
1577.0,250.0,0.44790563,0.615539551,2302.93335,63.9980469
1578.0,250.0,0.424665242,0.6149292,2304.4,63.9980469
1579.0,250.0,0.411988676,0.6286621,2305.8667,63.9980469
1580.0,250.0,0.440158844,0.5999756,2307.46655,63.9980469
1581.0,250.0,0.4225525,0.5859375,2308.93335,63.9980469
1582.0,250.0,0.419735461,0.611877441,2310.4,63.9980469
1583.0,250.0,0.421143979,0.619812,2311.8667,63.9980469
1584.0,250.0,0.416918457,0.614318848,2313.33325,63.9980469
1585.0,250.0,0.4281865,0.607605,2314.93335,63.9980469
1586.0,250.0,0.407763153,0.6137085,2316.4,63.9980469
1587.0,250.0,0.42043972,0.6149292,2317.8667,63.9980469
1588.0,250.0,0.4281865,0.6140137,2319.33325,63.9980469
1589.0,250.0,0.4098759,0.630188,2320.8,63.9980469
1590.0,250.0,0.4225525,0.651855469,2322.2666,63.9980469
1591.0,250.0,0.4225525,0.620727539,2323.8667,63.9980469
1592.0,250.0,0.42607376,0.614318848,2325.33325,63.9980469
1593.0,250.0,0.411284417,0.6286621,2326.8,63.9980469
1594.0,250.0,0.417622715,0.630493164,2328.2666,63.9980469
1595.0,250.0,0.424665242,0.625,2329.7334,63.9980469
1596.0,250.0,0.42607376,0.630493164,2331.2,63.9980469
1597.0,250.0,0.407763153,0.650939941,2332.8,63.9980469
1598.0,250.0,0.415509939,0.6210327,2334.2666,63.9980469
1599.0,250.0,0.4317078,0.5947876,2335.7334,63.9980469
1600.0,250.0,0.407763153,0.6240845,2337.2,63.9980469
1601.0,250.0,0.414101422,0.6378174,2338.66675,63.9980469
1602.0,250.0,0.424665242,0.6152344,2340.2666,63.9980469
1603.0,250.0,0.421143979,0.6134033,2341.7334,63.9980469
1604.0,250.0,0.421848238,0.6500244,2343.2,63.9980469
1605.0,250.0,0.412692934,0.621643066,2344.66675,63.9980469
1606.0,250.0,0.416918457,0.5932617,2346.1333,63.9980469
1607.0,250.0,0.4373418,0.6063843,2347.6,63.9980469
1608.0,250.0,0.414101422,0.649414063,2349.2,63.9980469
1609.0,250.0,0.411284417,0.6515503,2350.66675,63.9980469
1610.0,250.0,0.4422716,0.6164551,2352.1333,63.9980469
1611.0,250.0,0.4225525,0.614624,2353.6,63.9980469
1612.0,250.0,0.418326974,0.6298828,2355.06665,63.9980469
1613.0,250.0,0.415509939,0.6140137,2356.53345,63.9980469
1614.0,250.0,0.430299282,0.614624,2358.1333,63.9980469
1615.0,250.0,0.424665242,0.6298828,2359.6,63.9980469
1616.0,250.0,0.4084674,0.650939941,2361.06665,63.9980469
1617.0,250.0,0.440158844,0.632019043,2362.53345,63.9980469
1618.0,250.0,0.438046068,0.619812,2364.0,63.9980469
1619.0,250.0,0.424665242,0.630493164,2365.46655,63.9980469
1620.0,250.0,0.427482277,0.651855469,2367.06665,63.9980469
1621.0,250.0,0.445088625,0.6326294,2368.53345,63.9980469
1622.0,250.0,0.435933322,0.6439209,2370.0,63.9980469
1623.0,250.0,0.4253695,0.6512451,2371.46655,63.9980469
1624.0,250.0,0.442975849,0.638122559,2372.93335,63.9980469
1625.0,250.0,0.447201371,0.630188,2374.4,63.9980469
1626.0,250.0,0.435933322,0.630493164,2376.0,63.9980469
1627.0,250.0,0.445088625,0.6442261,2377.46655,63.9980469
1628.0,250.0,0.4486099,0.652160645,2378.93335,63.9980469
1629.0,250.0,0.4669205,0.651855469,2380.4,63.9980469
1630.0,250.0,0.4549482,0.6314087,2381.8667,63.9980469
1631.0,250.0,0.4500184,0.6311035,2383.46655,63.9980469
1632.0,250.0,0.454243928,0.630493164,2384.93335,63.9980469
1633.0,250.0,0.464807719,0.6311035,2386.4,63.9980469
1634.0,250.0,0.455652416,0.652160645,2387.8667,63.9980469
1635.0,250.0,0.454243928,0.652160645,2389.33325,63.9980469
1636.0,250.0,0.473963022,0.6365967,2390.8,63.9980469
1637.0,250.0,0.45353967,0.630493164,2392.2666,63.9980469
1638.0,250.0,0.452131152,0.6668091,2393.8667,63.9980469
1639.0,250.0,0.461286455,0.6515503,2395.33325,63.9980469
1640.0,250.0,0.455652416,0.6512451,2396.8,63.9980469
1641.0,250.0,0.449314147,0.6719971,2398.2666,63.9980469
1642.0,250.0,0.462694973,0.6738281,2399.7334,63.9980469
1643.0,250.0,0.456356674,0.6588745,2401.2,63.9980469
1644.0,250.0,0.4732588,0.652160645,2402.8,63.9980469
1645.0,250.0,0.4528354,0.6512451,2404.2666,63.9980469
1646.0,250.0,0.456356674,0.6832886,2405.7334,63.9980469
1647.0,250.0,0.483822584,0.6793213,2407.2,63.9980469
1648.0,250.0,0.465511978,0.6741333,2408.66675,63.9980469
1649.0,250.0,0.473963022,0.690002441,2410.1333,63.9980469
1650.0,250.0,0.461286455,0.678710938,2411.7334,63.9980469
1651.0,250.0,0.478188574,0.652771,2413.2,63.9980469
1652.0,250.0,0.484526843,0.665893555,2414.66675,63.9980469
1653.0,250.0,0.4514269,0.7028198,2416.1333,63.9980469
1654.0,250.0,0.489456624,0.6970215,2417.6,63.9980469
1655.0,250.0,0.489456624,0.654602051,2419.06665,63.9980469
1656.0,250.0,0.478188574,0.673522949,2420.66675,63.9980469
1657.0,250.0,0.4732588,0.689697266,2422.1333,63.9980469
1658.0,250.0,0.484526843,0.659484863,2423.6,63.9980469
1659.0,250.0,0.496499181,0.651855469,2425.06665,63.9980469
1660.0,250.0,0.477484316,0.68359375,2426.53345,63.9980469
1661.0,250.0,0.495090663,0.690917969,2428.0,63.9980469
1662.0,250.0,0.4993162,0.6741333,2429.6,63.9980469
1663.0,250.0,0.4788928,0.6524658,2431.06665,63.9980469
1664.0,250.0,0.480301321,0.6515503,2432.53345,63.9980469
1665.0,250.0,0.476780057,0.650634766,2434.0,63.9980469
1666.0,250.0,0.495090663,0.6716919,2435.46655,63.9980469
1667.0,250.0,0.4788928,0.6845093,2436.93335,63.9980469
1668.0,250.0,0.4788928,0.6890869,2438.53345,63.9980469
1669.0,250.0,0.4943864,0.6588745,2440.0,63.9980469
1670.0,250.0,0.481005579,0.651855469,2441.46655,63.9980469
1671.0,250.0,0.474667281,0.6729126,2442.93335,63.9980469
1672.0,250.0,0.4732588,0.6729126,2444.4,63.9980469
1673.0,250.0,0.4824141,0.6716919,2446.0,63.9980469
1674.0,250.0,0.4824141,0.6738281,2447.46655,63.9980469
1675.0,250.0,0.466216236,0.6729126,2448.93335,63.9980469
1676.0,250.0,0.4788928,0.653381348,2450.4,63.9980469
1677.0,250.0,0.476780057,0.645751953,2451.8667,63.9980469
1678.0,250.0,0.470441759,0.6838989,2453.33325,63.9980469
1679.0,250.0,0.481005579,0.6890869,2454.93335,63.9980469
1680.0,250.0,0.4697375,0.6729126,2456.4,63.9980469
1681.0,250.0,0.4915694,0.6738281,2457.8667,63.9980469
1682.0,250.0,0.47537154,0.6738281,2459.33325,63.9980469
1683.0,250.0,0.462694973,0.6732178,2460.8,63.9980469
1684.0,250.0,0.481005579,0.6729126,2462.2666,63.9980469
1685.0,250.0,0.4760758,0.6726074,2463.8667,63.9980469
1686.0,250.0,0.471850276,0.688781738,2465.33325,63.9980469
1687.0,250.0,0.477484316,0.690002441,2466.8,63.9980469
1688.0,250.0,0.480301321,0.689697266,2468.2666,63.9980469
1689.0,250.0,0.495794922,0.673522949,2469.7334,63.9980469
1690.0,250.0,0.4669205,0.6729126,2471.2,63.9980469
1691.0,250.0,0.4915694,0.6893921,2472.8,63.9980469
1692.0,250.0,0.496499181,0.690002441,2474.2666,63.9980469
1693.0,250.0,0.493682146,0.70892334,2475.7334,63.9980469
1694.0,250.0,0.486639619,0.708313,2477.2,63.9980469
1695.0,250.0,0.5035417,0.6921387,2478.66675,63.9980469
1696.0,250.0,0.5007247,0.6756592,2480.1333,63.9980469
1697.0,250.0,0.486639619,0.6738281,2481.7334,63.9980469
1698.0,250.0,0.504245937,0.688781738,2483.2,63.9980469
1699.0,250.0,0.4880481,0.7092285,2484.66675,63.9980469
1700.0,250.0,0.5141055,0.6921387,2486.1333,63.9980469
1701.0,250.0,0.501428962,0.6756592,2487.6,63.9980469
1702.0,250.0,0.4852311,0.6890869,2489.06665,63.9980469
1703.0,250.0,0.5176268,0.690002441,2490.66675,63.9980469
1704.0,250.0,0.500020444,0.673522949,2492.1333,63.9980469
1705.0,250.0,0.501428962,0.688781738,2493.6,63.9980469
1706.0,250.0,0.5112885,0.6903076,2495.06665,63.9980469
1707.0,250.0,0.500020444,0.690002441,2496.53345,63.9980469
1708.0,250.0,0.50988,0.689697266,2498.0,63.9980469
1709.0,250.0,0.4972034,0.6890869,2499.6,63.9980469
1710.0,250.0,0.486639619,0.690002441,2501.06665,63.9980469
1711.0,250.0,0.516922534,0.689697266,2502.53345,63.9980469
1712.0,250.0,0.492273659,0.710144043,2504.0,63.9980469
1713.0,250.0,0.486639619,0.7318115,2505.46655,63.9980469
1714.0,250.0,0.512697041,0.697937,2506.93335,63.9980469
1715.0,250.0,0.5021332,0.690002441,2508.53345,63.9980469
1716.0,250.0,0.50776726,0.723876953,2510.0,63.9980469
1717.0,250.0,0.4972034,0.732727051,2511.46655,63.9980469
1718.0,250.0,0.5049502,0.711364746,2512.93335,63.9980469
1719.0,250.0,0.505654454,0.730896,2514.4,63.9980469
1720.0,250.0,0.490865141,0.74798584,2515.8667,63.9980469
1721.0,250.0,0.488752365,0.7324219,2517.46655,63.9980469
1722.0,250.0,0.5035417,0.697937,2518.93335,63.9980469
1723.0,250.0,0.4972034,0.7104492,2520.4,63.9980469
1724.0,250.0,0.4972034,0.746765137,2521.8667,63.9980469
1725.0,250.0,0.5049502,0.748291,2523.33325,63.9980469
1726.0,250.0,0.5176268,0.7324219,2524.8,63.9980469
1727.0,250.0,0.5091757,0.7324219,2526.4,63.9980469
1728.0,250.0,0.501428962,0.731506348,2527.8667,63.9980469
1729.0,250.0,0.5204438,0.7131958,2529.33325,63.9980469
1730.0,250.0,0.50988,0.7107544,2530.8,63.9980469
1731.0,250.0,0.5084715,0.7318115,2532.2666,63.9980469
1732.0,250.0,0.507063,0.7318115,2533.7334,63.9980469
1733.0,250.0,0.523260832,0.7333374,2535.33325,63.9980469
1734.0,250.0,0.500020444,0.711364746,2536.8,63.9980469
1735.0,250.0,0.5007247,0.7110596,2538.2666,63.9980469
1736.0,250.0,0.511992753,0.708618164,2539.7334,63.9980469
1737.0,250.0,0.507063,0.7244873,2541.2,63.9980469
1738.0,250.0,0.506358743,0.7330322,2542.66675,63.9980469
1739.0,250.0,0.515514,0.7110596,2544.2666,63.9980469
1740.0,250.0,0.4943864,0.703125,2545.7334,63.9980469
1741.0,250.0,0.501428962,0.6903076,2547.2,63.9980469
1742.0,250.0,0.496499181,0.6890869,2548.66675,63.9980469
1743.0,250.0,0.4824141,0.707702637,2550.1333,63.9980469
1744.0,250.0,0.5049502,0.7107544,2551.7334,63.9980469
1745.0,250.0,0.4824141,0.7107544,2553.2,63.9980469
1746.0,250.0,0.486639619,0.7110596,2554.66675,63.9980469
1747.0,250.0,0.498611927,0.710144043,2556.1333,63.9980469
1748.0,250.0,0.4943864,0.7116699,2557.6,63.9980469
1749.0,250.0,0.477484316,0.7171631,2559.06665,63.9980469
1750.0,250.0,0.488752365,0.7107544,2560.66675,63.9980469
1751.0,250.0,0.5021332,0.7318115,2562.1333,63.9980469
1752.0,250.0,0.4972034,0.736694336,2563.6,63.9980469
1753.0,250.0,0.493682146,0.7333374,2565.06665,63.9980469
1754.0,250.0,0.48593536,0.7192993,2566.53345,63.9980469
1755.0,250.0,0.507063,0.7116699,2568.0,63.9980469
1756.0,250.0,0.506358743,0.7244873,2569.6,63.9980469
1757.0,250.0,0.4972034,0.743103,2571.06665,63.9980469
1758.0,250.0,0.5084715,0.7498169,2572.53345,63.9980469
1759.0,250.0,0.523965061,0.718688965,2574.0,63.9980469
1760.0,250.0,0.5084715,0.7107544,2575.46655,63.9980469
1761.0,250.0,0.5028375,0.7305908,2576.93335,63.9980469
1762.0,250.0,0.51340127,0.732727051,2578.53345,63.9980469
1763.0,250.0,0.5204438,0.7131958,2580.0,63.9980469
1764.0,250.0,0.506358743,0.7116699,2581.46655,63.9980469
1765.0,250.0,0.507063,0.7318115,2582.93335,63.9980469
1766.0,250.0,0.524669349,0.698852539,2584.4,63.9980469
1767.0,250.0,0.519739568,0.6741333,2585.8667,63.9980469
1768.0,250.0,0.50988,0.6893921,2587.46655,63.9980469
1769.0,250.0,0.5190353,0.7241821,2588.93335,63.9980469
1770.0,250.0,0.524669349,0.7107544,2590.4,63.9980469
1771.0,250.0,0.5218523,0.690002441,2591.8667,63.9980469
1772.0,250.0,0.5204438,0.7104492,2593.33325,63.9980469
1773.0,250.0,0.5331204,0.697631836,2594.93335,63.9980469
1774.0,250.0,0.528894842,0.689697266,2596.4,63.9980469
1775.0,250.0,0.524669349,0.723876953,2597.8667,63.9980469
1776.0,250.0,0.5401629,0.7330322,2599.33325,63.9980469
1777.0,250.0,0.5338246,0.7321167,2600.8,63.9980469
1778.0,250.0,0.547205448,0.7324219,2602.2666,63.9980469
1779.0,250.0,0.5274863,0.7324219,2603.8667,63.9980469
1780.0,250.0,0.5338246,0.743103,2605.33325,63.9980469
1781.0,250.0,0.548613966,0.7330322,2606.8,63.9980469
1782.0,250.0,0.5253736,0.7418823,2608.2666,63.9980469
1783.0,250.0,0.530303359,0.762939453,2609.7334,63.9980469
1784.0,250.0,0.5443885,0.738830566,2611.2,63.9980469
1785.0,250.0,0.542275667,0.7122803,2612.8,63.9980469
1786.0,250.0,0.5274863,0.7418823,2614.2666,63.9980469
1787.0,250.0,0.5359374,0.748901367,2615.7334,63.9980469
1788.0,250.0,0.5521352,0.7342529,2617.2,63.9980469
1789.0,250.0,0.548613966,0.7434082,2618.66675,63.9980469
1790.0,250.0,0.5380502,0.7897949,2620.1333,63.9980469
1791.0,250.0,0.5528395,0.756835938,2621.7334,63.9980469
1792.0,250.0,0.547909737,0.713501,2623.2,63.9980469
1793.0,250.0,0.5591778,0.7305908,2624.66675,63.9980469
1794.0,250.0,0.5528395,0.7696533,2626.1333,63.9980469
1795.0,250.0,0.542275667,0.769348145,2627.6,63.9980469
1796.0,250.0,0.557065,0.7342529,2629.06665,63.9980469
1797.0,250.0,0.5584735,0.747680664,2630.66675,63.9980469
1798.0,250.0,0.5267821,0.7485962,2632.1333,63.9980469
1799.0,250.0,0.5373459,0.7183838,2633.6,63.9980469
1800.0,250.0,0.5563608,0.690002441,2635.06665,63.9980469
1801.0,250.0,0.5338246,0.7241821,2636.53345,63.9980469
1802.0,250.0,0.53523314,0.7485962,2638.0,63.9980469
1803.0,250.0,0.5507267,0.7141113,2639.6,63.9980469
1804.0,250.0,0.545796931,0.7116699,2641.06665,63.9980469
1805.0,250.0,0.5408672,0.711364746,2642.53345,63.9980469
1806.0,250.0,0.5267821,0.6970215,2644.0,63.9980469
1807.0,250.0,0.5436842,0.689697266,2645.46655,63.9980469
1808.0,250.0,0.545796931,0.7107544,2647.06665,63.9980469
1809.0,250.0,0.5274863,0.7318115,2648.53345,63.9980469
1810.0,250.0,0.548613966,0.713501,2650.0,63.9980469
1811.0,250.0,0.536641657,0.6893921,2651.46655,63.9980469
1812.0,250.0,0.526077867,0.7092285,2652.93335,63.9980469
1813.0,250.0,0.5401629,0.7128906,2654.4,63.9980469
1814.0,250.0,0.5324161,0.7116699,2656.0,63.9980469
1815.0,250.0,0.5408672,0.729980469,2657.46655,63.9980469
1816.0,250.0,0.523965061,0.7318115,2658.93335,63.9980469
1817.0,250.0,0.5281906,0.7318115,2660.4,63.9980469
1818.0,250.0,0.528894842,0.7119751,2661.8667,63.9980469
1819.0,250.0,0.5401629,0.710144043,2663.46655,63.9980469
1820.0,250.0,0.528894842,0.7318115,2664.93335,63.9980469
1821.0,250.0,0.5084715,0.743103,2666.4,63.9980469
1822.0,250.0,0.553543746,0.7348633,2667.8667,63.9980469
1823.0,250.0,0.5380502,0.7324219,2669.33325,63.9980469
1824.0,250.0,0.522556543,0.7458496,2670.8,63.9980469
1825.0,250.0,0.5324161,0.732727051,2672.4,63.9980469
1826.0,250.0,0.5465012,0.7110596,2673.8667,63.9980469
1827.0,250.0,0.52959913,0.741577148,2675.33325,63.9980469
1828.0,250.0,0.5408672,0.768127441,2676.8,63.9980469
1829.0,250.0,0.5380502,0.7495117,2678.2666,63.9980469
1830.0,250.0,0.547205448,0.713806152,2679.7334,63.9980469
1831.0,250.0,0.530303359,0.7318115,2681.33325,63.9980469
1832.0,250.0,0.531007648,0.742797852,2682.8,63.9980469
1833.0,250.0,0.5528395,0.7345581,2684.2666,63.9980469
1834.0,250.0,0.5436842,0.7330322,2685.7334,63.9980469
1835.0,250.0,0.549318254,0.7470703,2687.2,63.9980469
1836.0,250.0,0.554952264,0.748901367,2688.66675,63.9980469
1837.0,250.0,0.5507267,0.7345581,2690.2666,63.9980469
1838.0,250.0,0.564107537,0.7192993,2691.7334,63.9980469
1839.0,250.0,0.547205448,0.7421875,2693.2,63.9980469
1840.0,250.0,0.5648118,0.7550049,2694.66675,63.9980469
1841.0,250.0,0.5669246,0.7342529,2696.1333,63.9980469
1842.0,250.0,0.5563608,0.7470703,2697.6,63.9980469
1843.0,250.0,0.5577693,0.7485962,2699.2,63.9980469
1844.0,250.0,0.5605863,0.7122803,2700.66675,63.9980469
1845.0,250.0,0.5563608,0.7055664,2702.1333,63.9980469
1846.0,250.0,0.5591778,0.7336426,2703.6,63.9980469
1847.0,250.0,0.559882045,0.748901367,2705.06665,63.9980469
1848.0,250.0,0.559882045,0.7333374,2706.53345,63.9980469
1849.0,250.0,0.561290562,0.732727051,2708.1333,63.9980469
1850.0,250.0,0.553543746,0.7333374,2709.6,63.9980469
1851.0,250.0,0.559882045,0.7330322,2711.06665,63.9980469
1852.0,250.0,0.5711501,0.730285645,2712.53345,63.9980469
1853.0,250.0,0.56762886,0.7473755,2714.0,63.9980469
1854.0,250.0,0.564107537,0.7696533,2715.46655,63.9980469
1855.0,250.0,0.5697416,0.7510376,2717.06665,63.9980469
1856.0,250.0,0.5817139,0.732727051,2718.53345,63.9980469
1857.0,250.0,0.5528395,0.748291,2720.0,63.9980469
1858.0,250.0,0.570445836,0.748901367,2721.46655,63.9980469
1859.0,250.0,0.585939467,0.7336426,2722.93335,63.9980469
1860.0,250.0,0.566220343,0.76171875,2724.4,63.9980469
1861.0,250.0,0.56762886,0.7913208,2726.0,63.9980469
1862.0,250.0,0.5732629,0.7507324,2727.46655,63.9980469
1863.0,250.0,0.5753756,0.7128906,2728.93335,63.9980469
1864.0,250.0,0.5669246,0.747680664,2730.4,63.9980469
1865.0,250.0,0.5584735,0.748291,2731.8667,63.9980469
1866.0,250.0,0.5711501,0.74798584,2733.33325,63.9980469
1867.0,250.0,0.59509474,0.74798584,2734.93335,63.9980469
1868.0,250.0,0.5619948,0.7623291,2736.4,63.9980469
1869.0,250.0,0.571854353,0.748901367,2737.8667,63.9980469
1870.0,250.0,0.5810097,0.712585449,2739.33325,63.9980469
1871.0,250.0,0.5810097,0.7424927,2740.8,63.9980469
1872.0,250.0,0.56762886,0.7836914,2742.4,63.9980469
1873.0,250.0,0.5634033,0.770568848,2743.8667,63.9980469
1874.0,250.0,0.5852352,0.749206543,2745.33325,63.9980469
1875.0,250.0,0.576784134,0.7495117,2746.8,63.9980469
1876.0,250.0,0.5563608,0.769042969,2748.2666,63.9980469
1877.0,250.0,0.5873479,0.7513428,2749.7334,63.9980469
1878.0,250.0,0.5817139,0.74798584,2751.33325,63.9980469
1879.0,250.0,0.559882045,0.7702637,2752.8,63.9980469
1880.0,250.0,0.5803054,0.778198242,2754.2666,63.9980469
1881.0,250.0,0.583122432,0.7696533,2755.7334,63.9980469
1882.0,250.0,0.5746714,0.7696533,2757.2,63.9980469
1883.0,250.0,0.5634033,0.7507324,2758.66675,63.9980469
1884.0,250.0,0.571854353,0.749206543,2760.2666,63.9980469
1885.0,250.0,0.565516055,0.770568848,2761.7334,63.9980469
1886.0,250.0,0.564107537,0.790710449,2763.2,63.9980469
1887.0,250.0,0.5605863,0.770874,2764.66675,63.9980469
1888.0,250.0,0.5584735,0.7507324,2766.1333,63.9980469
1889.0,250.0,0.588756442,0.7382202,2767.6,63.9980469
1890.0,250.0,0.5408672,0.7495117,2769.2,63.9980469
1891.0,250.0,0.5697416,0.74798584,2770.66675,63.9980469
1892.0,250.0,0.571854353,0.749206543,2772.1333,63.9980469
1893.0,250.0,0.5619948,0.7559204,2773.6,63.9980469
1894.0,250.0,0.570445836,0.7485962,2775.06665,63.9980469
1895.0,250.0,0.554952264,0.732727051,2776.53345,63.9980469
1896.0,250.0,0.5760799,0.7336426,2778.1333,63.9980469
1897.0,250.0,0.5711501,0.732727051,2779.6,63.9980469
1898.0,250.0,0.5556565,0.748901367,2781.06665,63.9980469
1899.0,250.0,0.5866437,0.756835938,2782.53345,63.9980469
1900.0,250.0,0.576784134,0.7342529,2784.0,63.9980469
1901.0,250.0,0.583826661,0.7470703,2785.6,63.9980469
1902.0,250.0,0.5866437,0.748901367,2787.06665,63.9980469
1903.0,250.0,0.5683331,0.749206543,2788.53345,63.9980469
1904.0,250.0,0.6063628,0.7485962,2790.0,63.9980469
1905.0,250.0,0.5760799,0.7684326,2791.46655,63.9980469
1906.0,250.0,0.590869248,0.8062744,2792.93335,63.9980469
1907.0,250.0,0.6105883,0.7788086,2794.53345,63.9980469
1908.0,250.0,0.589460731,0.7711792,2796.0,63.9980469
1909.0,250.0,0.6183351,0.7836914,2797.46655,63.9980469
1910.0,250.0,0.583122432,0.8016968,2798.93335,63.9980469
1911.0,250.0,0.6176309,0.798339844,2800.4,63.9980469
1912.0,250.0,0.6232649,0.7925415,2801.8667,63.9980469
1913.0,250.0,0.5922777,0.8206177,2803.33325,63.9980469
1914.0,250.0,0.6246734,0.8102417,2804.93335,63.9980469
1915.0,250.0,0.609179854,0.7733154,2806.4,63.9980469
1916.0,250.0,0.619743645,0.7839966,2807.8667,63.9980469
1917.0,250.0,0.6288989,0.8074951,2809.33325,63.9980469
1918.0,250.0,0.598616,0.828552246,2810.8,63.9980469
1919.0,250.0,0.6331245,0.808410645,2812.2666,63.9980469
1920.0,250.0,0.6119968,0.7928467,2813.8667,63.9980469
1921.0,250.0,0.614109635,0.791931152,2815.33325,63.9980469
1922.0,250.0,0.6035458,0.777893066,2816.8,63.9980469
1923.0,250.0,0.6035458,0.7699585,2818.2666,63.9980469
1924.0,250.0,0.6155181,0.7910156,2819.7334,63.9980469
1925.0,250.0,0.595799,0.770874,2821.2,63.9980469
1926.0,250.0,0.5943905,0.7696533,2822.8,63.9980469
1927.0,250.0,0.6063628,0.770568848,2824.2666,63.9980469
1928.0,250.0,0.58453095,0.7620239,2825.7334,63.9980469
1929.0,250.0,0.5972075,0.7485962,2827.2,63.9980469
1930.0,250.0,0.592982,0.768127441,2828.66675,63.9980469
1931.0,250.0,0.5922777,0.7904053,2830.2666,63.9980469
1932.0,250.0,0.5943905,0.791931152,2831.7334,63.9980469
1933.0,250.0,0.5810097,0.791626,2833.2,63.9980469
1934.0,250.0,0.607771337,0.770874,2834.66675,63.9980469
1935.0,250.0,0.5746714,0.769348145,2836.1333,63.9980469
1936.0,250.0,0.5922777,0.790710449,2837.6,63.9980469
1937.0,250.0,0.607771337,0.807189941,2839.06665,63.9980469
1938.0,250.0,0.572558641,0.808410645,2840.66675,63.9980469
1939.0,250.0,0.608475566,0.815734863,2842.1333,63.9980469
1940.0,250.0,0.5852352,0.7785034,2843.6,63.9980469
1941.0,250.0,0.5972075,0.791626,2845.06665,63.9980469
1942.0,250.0,0.602137268,0.791931152,2846.53345,63.9980469
1943.0,250.0,0.5922777,0.802001953,2848.1333,63.9980469
1944.0,250.0,0.607771337,0.806884766,2849.6,63.9980469
1945.0,250.0,0.6042501,0.808105469,2851.06665,63.9980469
1946.0,250.0,0.608475566,0.808410645,2852.53345,63.9980469
1947.0,250.0,0.6105883,0.8087158,2854.0,63.9980469
1948.0,250.0,0.5972075,0.8078003,2855.46655,63.9980469
1949.0,250.0,0.6162224,0.7965088,2857.06665,63.9980469
1950.0,250.0,0.6000245,0.8065796,2858.53345,63.9980469
1951.0,250.0,0.602137268,0.828552246,2860.0,63.9980469
1952.0,250.0,0.6183351,0.8102417,2861.46655,63.9980469
1953.0,250.0,0.592982,0.778198242,2862.93335,63.9980469
1954.0,250.0,0.601433039,0.7702637,2864.4,63.9980469
1955.0,250.0,0.5936862,0.7897949,2866.0,63.9980469
1956.0,250.0,0.592982,0.7922363,2867.46655,63.9980469
1957.0,250.0,0.601433039,0.778198242,2868.93335,63.9980469
1958.0,250.0,0.5774884,0.7699585,2870.4,63.9980469
1959.0,250.0,0.607067049,0.7699585,2871.8667,63.9980469
1960.0,250.0,0.601433039,0.751647949,2873.46655,63.9980469
1961.0,250.0,0.583826661,0.749206543,2874.93335,63.9980469
1962.0,250.0,0.6098841,0.7702637,2876.4,63.9980469
1963.0,250.0,0.5824182,0.7763672,2877.8667,63.9980469
1964.0,250.0,0.6000245,0.770568848,2879.33325,63.9980469
1965.0,250.0,0.58453095,0.748901367,2880.8,63.9980469
1966.0,250.0,0.585939467,0.748901367,2882.4,63.9980469
1967.0,250.0,0.5936862,0.7495117,2883.8667,63.9980469
1968.0,250.0,0.5690373,0.748291,2885.33325,63.9980469
1969.0,250.0,0.588756442,0.7699585,2886.8,63.9980469
1970.0,250.0,0.590164959,0.7702637,2888.2666,63.9980469
1971.0,250.0,0.5866437,0.7696533,2889.8667,63.9980469
1972.0,250.0,0.5711501,0.769348145,2891.33325,63.9980469
1973.0,250.0,0.583122432,0.770874,2892.8,63.9980469
1974.0,250.0,0.6035458,0.770874,2894.2666,63.9980469
1975.0,250.0,0.589460731,0.7839966,2895.7334,63.9980469
1976.0,250.0,0.5817139,0.8203125,2897.2,63.9980469
1977.0,250.0,0.6112926,0.810852051,2898.8,63.9980469
1978.0,250.0,0.601433039,0.7733154,2900.2666,63.9980469
1979.0,250.0,0.608475566,0.7897949,2901.7334,63.9980469
1980.0,250.0,0.6035458,0.8016968,2903.2,63.9980469
1981.0,250.0,0.609179854,0.8078003,2904.66675,63.9980469
1982.0,250.0,0.6246734,0.7940674,2906.1333,63.9980469
1983.0,250.0,0.6246734,0.8074951,2907.6,63.9980469
1984.0,250.0,0.6105883,0.8288574,2909.2,63.9980469
1985.0,250.0,0.613405347,0.7977295,2910.66675,63.9980469
1986.0,250.0,0.630307436,0.7714844,2912.1333,63.9980469
1987.0,250.0,0.605658531,0.7904053,2913.6,63.9980469
1988.0,250.0,0.605658531,0.808105469,2915.06665,63.9980469
1989.0,250.0,0.625377655,0.8078003,2916.66675,63.9980469
1990.0,250.0,0.6098841,0.791626,2918.1333,63.9980469
1991.0,250.0,0.607771337,0.791626,2919.6,63.9980469
1992.0,250.0,0.602841556,0.7800293,2921.06665,63.9980469
1993.0,250.0,0.607067049,0.7513428,2922.53345,63.9980469
1994.0,250.0,0.6035458,0.767822266,2924.0,63.9980469
1995.0,250.0,0.601433039,0.791626,2925.6,63.9980469
1996.0,250.0,0.6190394,0.7925415,2927.06665,63.9980469
1997.0,250.0,0.6169266,0.7904053,2928.53345,63.9980469
1998.0,250.0,0.6098841,0.778198242,2930.0,63.9980469
1999.0,250.0,0.6183351,0.7702637,2931.46655,63.9980469
2000.0,250.0,0.6204479,0.770874,2932.93335,63.9980469
2001.0,250.0,0.6408713,0.791931152,2934.53345,63.9980469
2002.0,250.0,0.607067049,0.8023071,2936.0,63.9980469
2003.0,250.0,0.6225607,0.8074951,2937.46655,63.9980469
2004.0,250.0,0.636645734,0.7928467,2938.93335,63.9980469
2005.0,250.0,0.6218564,0.791626,2940.4,63.9980469
2006.0,250.0,0.614813864,0.8078003,2941.8667,63.9980469
2007.0,250.0,0.6218564,0.8078003,2943.46655,63.9980469
2008.0,250.0,0.645801067,0.820922852,2944.93335,63.9980469
2009.0,250.0,0.6288989,0.848999,2946.4,63.9980469
2010.0,250.0,0.6225607,0.8520508,2947.8667,63.9980469
2011.0,250.0,0.6387585,0.816955566,2949.33325,63.9980469
2012.0,250.0,0.645801067,0.8074951,2950.8,63.9980469
2013.0,250.0,0.6338287,0.8413696,2952.4,63.9980469
2014.0,250.0,0.632420242,0.866088867,2953.8667,63.9980469
2015.0,250.0,0.638054252,0.857543945,2955.33325,63.9980469
2016.0,250.0,0.649322331,0.851135254,2956.8,63.9980469
2017.0,250.0,0.639462769,0.845031738,2958.2666,63.9980469
2018.0,250.0,0.638054252,0.8508301,2959.7334,63.9980469
2019.0,250.0,0.6584776,0.8300781,2961.33325,63.9980469
2020.0,250.0,0.6641117,0.829772949,2962.8,63.9980469
2021.0,250.0,0.6584776,0.859375,2964.2666,63.9980469
2022.0,250.0,0.654956341,0.8734131,2965.7334,63.9980469
2023.0,250.0,0.674675465,0.8395386,2967.2,63.9980469
2024.0,250.0,0.662703156,0.8294678,2968.66675,63.9980469
2025.0,250.0,0.6648159,0.849914551,2970.1333,63.9980469
2026.0,250.0,0.6781967,0.8508301,2971.7334,63.9980469
2027.0,250.0,0.681013763,0.8508301,2973.2,63.9980469
2028.0,250.0,0.6887606,0.8508301,2974.66675,63.9980469
2029.0,250.0,0.679605246,0.8670044,2976.1333,63.9980469
2030.0,250.0,0.6936903,0.852661133,2977.6,63.9980469
2031.0,250.0,0.692281842,0.823364258,2979.06665,63.9980469
2032.0,250.0,0.6831265,0.8578491,2980.66675,63.9980469
2033.0,250.0,0.697915852,0.887756348,2982.1333,63.9980469
2034.0,250.0,0.7007329,0.867614746,2983.6,63.9980469
2035.0,250.0,0.7007329,0.8618164,2985.06665,63.9980469
2036.0,250.0,0.720452,0.8859253,2986.53345,63.9980469
2037.0,250.0,0.6950988,0.874938965,2988.0,63.9980469
2038.0,250.0,0.7120009,0.852661133,2989.6,63.9980469
2039.0,250.0,0.7049584,0.8795166,2991.06665,63.9980469
2040.0,250.0,0.6972116,0.910339355,2992.53345,63.9980469
2041.0,250.0,0.70425415,0.910644531,2994.0,63.9980469
2042.0,250.0,0.7112967,0.8886719,2995.46655,63.9980469
2043.0,250.0,0.7021414,0.9020996,2996.93335,63.9980469
2044.0,250.0,0.703549862,0.891418457,2998.53345,63.9980469
2045.0,250.0,0.721860468,0.8666992,3000.0,63.9980469
2046.0,250.0,0.717635,0.9008789,3001.46655,63.9980469
2047.0,250.0,0.7183392,0.939331055,3002.93335,63.9980469
2048.0,250.0,0.7422839,0.9182739,3004.4,63.9980469
2049.0,250.0,0.7429881,0.90423584,3005.8667,63.9980469
2050.0,250.0,0.7507349,0.9197998,3007.33325,63.9980469
2051.0,250.0,0.7612987,0.9475708,3008.93335,63.9980469
2052.0,250.0,0.768341243,0.9262085,3010.4,63.9980469
2053.0,250.0,0.792990148,0.9384155,3011.8667,63.9980469
2054.0,250.0,0.7845391,0.978393555,3013.33325,63.9980469
2055.0,250.0,0.8127093,0.9762573,3014.8,63.9980469
2056.0,250.0,0.8155263,0.9564209,3016.2666,63.9980469
2057.0,250.0,0.828202844,0.9613037,3017.7334,63.9980469
2058.0,250.0,0.8458092,0.9838867,3019.2,63.9980469
2059.0,250.0,0.8260901,1.0067749,3020.8,63.9980469
2060.0,250.0,0.8556688,0.9994507,3022.2666,63.9980469
2061.0,250.0,0.883838952,0.9881592,3023.7334,63.9980469
2062.0,250.0,0.8387667,0.9863281,3025.2,63.9980469
2063.0,250.0,0.882430434,0.9857178,3026.66675,63.9980469
2064.0,250.0,0.891585767,0.969848633,3028.1333,63.9980469
2065.0,250.0,0.8796134,0.9970093,3029.6,63.9980469
2066.0,250.0,0.9035581,1.02813721,3031.06665,63.9980469
2067.0,250.0,0.9056708,1.02844238,3032.66675,63.9980469
2068.0,250.0,0.929615438,1.04309082,3034.1333,63.9980469
2069.0,250.0,0.914826155,1.02905273,3035.6,63.9980469
2070.0,250.0,0.9345452,1.02905273,3037.06665,63.9980469
2071.0,250.0,0.9535601,1.04370117,3038.53345,63.9980469
2072.0,250.0,0.9521516,1.07849121,3040.0,63.9980469
2073.0,250.0,0.9528558,1.10198975,3041.46655,63.9980469
2074.0,250.0,0.975392,1.1038208,3042.93335,63.9980469
2075.0,250.0,0.9768005,1.08795166,3044.53345,63.9980469
2076.0,250.0,0.9824345,1.08795166,3046.0,63.9980469
2077.0,250.0,0.979617536,1.09863281,3047.46655,63.9980469
2078.0,250.0,1.00144935,1.10473633,3048.93335,63.9980469
2079.0,250.0,1.016943,1.12609863,3050.4,63.9980469
2080.0,250.0,1.01060474,1.14776611,3051.8667,63.9980469
2081.0,250.0,1.0204643,1.15356445,3053.33325,63.9980469
2082.0,250.0,1.03384507,1.12640381,3054.8,63.9980469
2083.0,250.0,1.04088759,1.12365723,3056.4,63.9980469
2084.0,250.0,1.03525364,1.14562988,3057.8667,63.9980469
2085.0,250.0,1.05004287,1.16363525,3059.33325,63.9980469
2086.0,250.0,1.06905782,1.16333008,3060.8,63.9980469
2087.0,250.0,1.06271946,1.17614746,3062.2666,63.9980469
2088.0,250.0,1.07187486,1.18469238,3063.7334,63.9980469
2089.0,250.0,1.061311,1.16394043,3065.2,63.9980469
2090.0,250.0,1.09793222,1.14807129,3066.66675,63.9980469
2091.0,250.0,1.09511518,1.17645264,3068.1333,63.9980469
2092.0,250.0,1.09159386,1.23504639,3069.7334,63.9980469
2093.0,250.0,1.12328541,1.21582031,3071.2,63.9980469
2094.0,250.0,1.12821507,1.18835449,3072.66675,63.9980469
2095.0,250.0,1.14230025,1.206665,3074.1333,63.9980469
2096.0,250.0,1.12117255,1.220398,3075.6,63.9980469
2097.0,250.0,1.15497684,1.222229,3077.06665,63.9980469
2098.0,250.0,1.158498,1.22314453,3078.53345,63.9980469
2099.0,250.0,1.14230025,1.27166748,3080.0,63.9980469
2100.0,250.0,1.1479342,1.28173828,3081.6,63.9980469
2101.0,250.0,1.16201937,1.23291016,3083.06665,63.9980469
2102.0,250.0,1.16483641,1.20635986,3084.53345,63.9980469
2103.0,250.0,1.14934278,1.24450684,3086.0,63.9980469
2104.0,250.0,1.16835761,1.26617432,3087.46655,63.9980469
2105.0,250.0,1.19582355,1.26586914,3088.93335,63.9980469
2106.0,250.0,1.158498,1.28082275,3090.4,63.9980469
2107.0,250.0,1.18737245,1.288147,3091.8667,63.9980469
2108.0,250.0,1.188781,1.25366211,3093.46655,63.9980469
2109.0,250.0,1.17962563,1.24420166,3094.93335,63.9980469
2110.0,250.0,1.18737245,1.24389648,3096.4,63.9980469
2111.0,250.0,1.18385124,1.26586914,3097.8667,63.9980469
2112.0,250.0,1.20427454,1.28173828,3099.33325,63.9980469
2113.0,250.0,1.21976817,1.28112793,3100.8,63.9980469
2114.0,250.0,1.21202135,1.28173828,3102.2666,63.9980469
2115.0,250.0,1.23385322,1.24664307,3103.8667,63.9980469
2116.0,250.0,1.21906388,1.26281738,3105.33325,63.9980469
2117.0,250.0,1.235966,1.31500244,3106.8,63.9980469
2118.0,250.0,1.24512136,1.32476807,3108.2666,63.9980469
2119.0,250.0,1.23455751,1.32507324,3109.7334,63.9980469
2120.0,250.0,1.25216389,1.30462646,3111.2,63.9980469
2121.0,250.0,1.21906388,1.30371094,3112.66675,63.9980469
2122.0,250.0,1.25005114,1.30401611,3114.2666,63.9980469
2123.0,250.0,1.26061487,1.30371094,3115.7334,63.9980469
2124.0,250.0,1.2416,1.33911133,3117.2,63.9980469
2125.0,250.0,1.26343191,1.36322021,3118.66675,63.9980469
2126.0,250.0,1.26202345,1.36199951,3120.1333,63.9980469
2127.0,250.0,1.28455961,1.34460449,3121.6,63.9980469
2128.0,250.0,1.28596807,1.32446289,3123.06665,63.9980469
2129.0,250.0,1.27258718,1.35284424,3124.53345,63.9980469
2130.0,250.0,1.30427861,1.383667,3126.1333,63.9980469
2131.0,250.0,1.31484246,1.399231,3127.6,63.9980469
2132.0,250.0,1.30639148,1.39984131,3129.06665,63.9980469
2133.0,250.0,1.31132126,1.40045166,3130.53345,63.9980469
2134.0,250.0,1.32258928,1.39038086,3132.0,63.9980469
2135.0,250.0,1.33878708,1.36535645,3133.46655,63.9980469
2136.0,250.0,1.32118082,1.39373779,3134.93335,63.9980469
2137.0,250.0,1.31836379,1.44042969,3136.4,63.9980469
2138.0,250.0,1.34582961,1.44348145,3138.0,63.9980469
2139.0,250.0,1.34160411,1.40319824,3139.46655,63.9980469
2140.0,250.0,1.33456159,1.40136719,3140.93335,63.9980469
2141.0,250.0,1.34582961,1.41967773,3142.4,63.9980469
2142.0,250.0,1.34864664,1.421814,3143.8667,63.9980469
2143.0,250.0,1.3585062,1.401062,3145.33325,63.9980469
2144.0,250.0,1.34442115,1.43493652,3146.8,63.9980469
2145.0,250.0,1.35991478,1.44348145,3148.4,63.9980469
2146.0,250.0,1.37540829,1.42333984,3149.8667,63.9980469
2147.0,250.0,1.34301269,1.39984131,3151.33325,63.9980469
2148.0,250.0,1.36273181,1.40045166,3152.8,63.9980469
2149.0,250.0,1.37399983,1.42059326,3154.2666,63.9980469
2150.0,250.0,1.38808489,1.44073486,3155.7334,63.9980469
2151.0,250.0,1.38315511,1.45629883,3157.2,63.9980469
2152.0,250.0,1.38597214,1.449585,3158.8,63.9980469
2153.0,250.0,1.41836786,1.42425537,3160.2666,63.9980469
2154.0,250.0,1.39512742,1.41296387,3161.7334,63.9980469
2155.0,250.0,1.40357852,1.451416,3163.2,63.9980469
2156.0,250.0,1.41625512,1.47827148,3164.66675,63.9980469
2157.0,250.0,1.4211849,1.48101807,3166.1333,63.9980469
2158.0,250.0,1.43104446,1.48132324,3167.6,63.9980469
2159.0,250.0,1.41414237,1.48345947,3169.2,63.9980469
2160.0,250.0,1.43667841,1.45996094,3170.66675,63.9980469
2161.0,250.0,1.42963588,1.44378662,3172.1333,63.9980469
2162.0,250.0,1.4211849,1.49353027,3173.6,63.9980469
2163.0,250.0,1.43527,1.51977539,3175.06665,63.9980469
2164.0,250.0,1.42400181,1.50238037,3176.53345,63.9980469
2165.0,250.0,1.4458338,1.50177,3178.0,63.9980469
2166.0,250.0,1.42822742,1.50115967,3179.6,63.9980469
2167.0,250.0,1.42681885,1.48193359,3181.06665,63.9980469
2168.0,250.0,1.43949544,1.48132324,3182.53345,63.9980469
2169.0,250.0,1.42329764,1.50299072,3184.0,63.9980469
2170.0,250.0,1.42541039,1.53198242,3185.46655,63.9980469
2171.0,250.0,1.43527,1.51947021,3186.93335,63.9980469
2172.0,250.0,1.43034017,1.505127,3188.4,63.9980469
2173.0,250.0,1.45569336,1.48284912,3190.0,63.9980469
2174.0,250.0,1.42048061,1.48101807,3191.46655,63.9980469
2175.0,250.0,1.452172,1.517334,3192.93335,63.9980469
2176.0,250.0,1.4535805,1.53900146,3194.4,63.9980469
2177.0,250.0,1.43386137,1.54022217,3195.8667,63.9980469
2178.0,250.0,1.452172,1.52038574,3197.33325,63.9980469
2179.0,250.0,1.43527,1.50360107,3198.93335,63.9980469
2180.0,250.0,1.44442523,1.48071289,3200.4,63.9980469
2181.0,250.0,1.42822742,1.48071289,3201.8667,63.9980469
2182.0,250.0,1.41555083,1.512146,3203.33325,63.9980469
2183.0,250.0,1.42259336,1.51855469,3204.8,63.9980469
2184.0,250.0,1.41414237,1.49078369,3206.2666,63.9980469
2185.0,250.0,1.39724016,1.46057129,3207.8667,63.9980469
2186.0,250.0,1.4000572,1.449585,3209.33325,63.9980469
2187.0,250.0,1.40076149,1.4440918,3210.8,63.9980469
2188.0,250.0,1.39160621,1.44287109,3212.2666,63.9980469
2189.0,250.0,1.404987,1.47827148,3213.7334,63.9980469
2190.0,250.0,1.41132534,1.48132324,3215.2,63.9980469
2191.0,250.0,1.41766357,1.46850586,3216.8,63.9980469
2192.0,250.0,1.396536,1.4453125,3218.2666,63.9980469
2193.0,250.0,1.40076149,1.44287109,3219.7334,63.9980469
2194.0,250.0,1.41555083,1.45996094,3221.2,63.9980469
2195.0,250.0,1.39019763,1.4730835,3222.66675,63.9980469
2196.0,250.0,1.396536,1.4944458,3224.2666,63.9980469
2197.0,250.0,1.38104236,1.48284912,3225.7334,63.9980469
2198.0,250.0,1.39724016,1.46209717,3227.2,63.9980469
2199.0,250.0,1.37681687,1.45355225,3228.66675,63.9980469
2200.0,250.0,1.40357852,1.47247314,3230.1333,63.9980469
2201.0,250.0,1.38315511,1.50146484,3231.6,63.9980469
2202.0,250.0,1.41555083,1.50238037,3233.2,63.9980469
2203.0,250.0,1.38667643,1.50238037,3234.66675,63.9980469
2204.0,250.0,1.37540829,1.50268555,3236.1333,63.9980469
2205.0,250.0,1.3796339,1.47094727,3237.6,63.9980469
2206.0,250.0,1.396536,1.44561768,3239.06665,63.9980469
2207.0,250.0,1.399353,1.47888184,3240.53345,63.9980469
2208.0,250.0,1.38597214,1.51763916,3242.1333,63.9980469
2209.0,250.0,1.42048061,1.51885986,3243.6,63.9980469
2210.0,250.0,1.42400181,1.48986816,3245.06665,63.9980469
2211.0,250.0,1.41695929,1.50115967,3246.53345,63.9980469
2212.0,250.0,1.41625512,1.48284912,3248.0,63.9980469
2213.0,250.0,1.41414237,1.46118164,3249.46655,63.9980469
2214.0,250.0,1.43456566,1.47796631,3251.06665,63.9980469
2215.0,250.0,1.42400181,1.51153564,3252.53345,63.9980469
2216.0,250.0,1.44301677,1.519165,3254.0,63.9980469
2217.0,250.0,1.45428479,1.49047852,3255.46655,63.9980469
2218.0,250.0,1.42188907,1.48162842,3256.93335,63.9980469
2219.0,250.0,1.446538,1.48132324,3258.4,63.9980469
2220.0,250.0,1.42822742,1.482544,3260.0,63.9980469
2221.0,250.0,1.43386137,1.5020752,3261.46655,63.9980469
2222.0,250.0,1.44231248,1.512146,3262.93335,63.9980469
2223.0,250.0,1.41977632,1.50238037,3264.4,63.9980469
2224.0,250.0,1.43879116,1.48132324,3265.8667,63.9980469
2225.0,250.0,1.42048061,1.46026611,3267.46655,63.9980469
2226.0,250.0,1.43315721,1.47857666,3268.93335,63.9980469
2227.0,250.0,1.438087,1.51184082,3270.4,63.9980469
2228.0,250.0,1.45287633,1.53747559,3271.8667,63.9980469
2229.0,250.0,1.44019973,1.53930664,3273.33325,63.9980469
2230.0,250.0,1.43527,1.50939941,3274.8,63.9980469
2231.0,250.0,1.45076358,1.48284912,3276.2666,63.9980469
2232.0,250.0,1.4458338,1.50054932,3277.8667,63.9980469
2233.0,250.0,1.410621,1.53808594,3279.33325,63.9980469
2234.0,250.0,1.42681885,1.52862549,3280.8,63.9980469
2235.0,250.0,1.41343808,1.519165,3282.2666,63.9980469
2236.0,250.0,1.42259336,1.51885986,3283.7334,63.9980469
2237.0,250.0,1.42188907,1.50268555,3285.33325,63.9980469
2238.0,250.0,1.410621,1.46850586,3286.8,63.9980469
2239.0,250.0,1.44301677,1.472168,3288.2666,63.9980469
2240.0,250.0,1.40569127,1.51123047,3289.7334,63.9980469
2241.0,250.0,1.410621,1.53961182,3291.2,63.9980469
2242.0,250.0,1.41977632,1.51824951,3292.66675,63.9980469
2243.0,250.0,1.41977632,1.48406982,3294.2666,63.9980469
2244.0,250.0,1.40569127,1.46087646,3295.7334,63.9980469
2245.0,250.0,1.38456368,1.45965576,3297.2,63.9980469
2246.0,250.0,1.41132534,1.48132324,3298.66675,63.9980469
2247.0,250.0,1.40569127,1.46789551,3300.1333,63.9980469
2248.0,250.0,1.39019763,1.48132324,3301.6,63.9980469
2249.0,250.0,1.40639555,1.489563,3303.2,63.9980469
2250.0,250.0,1.40146577,1.45080566,3304.66675,63.9980469
2251.0,250.0,1.40217,1.42150879,3306.1333,63.9980469
2252.0,250.0,1.3796339,1.44256592,3307.6,63.9980469
2253.0,250.0,1.38104236,1.45874023,3309.2,63.9980469
2254.0,250.0,1.3873806,1.4453125,3310.66675,63.9980469
2255.0,250.0,1.357802,1.43493652,3312.1333,63.9980469
2256.0,250.0,1.37329555,1.44317627,3313.6,63.9980469
2257.0,250.0,1.3676616,1.40197754,3315.06665,63.9980469
2258.0,250.0,1.35568917,1.40014648,3316.53345,63.9980469
2259.0,250.0,1.35709774,1.42089844,3318.1333,63.9980469
2260.0,250.0,1.363436,1.44317627,3319.6,63.9980469
2261.0,250.0,1.35709774,1.44470215,3321.06665,63.9980469
2262.0,250.0,1.363436,1.4239502,3322.53345,63.9980469
2263.0,250.0,1.33104038,1.42211914,3324.0,63.9980469
2264.0,250.0,1.35709774,1.40930176,3325.6,63.9980469
2265.0,250.0,1.357802,1.40075684,3327.06665,63.9980469
2266.0,250.0,1.32258928,1.44165039,3328.53345,63.9980469
2267.0,250.0,1.366253,1.45874023,3330.0,63.9980469
2268.0,250.0,1.33737862,1.43096924,3331.46655,63.9980469
2269.0,250.0,1.34864664,1.40930176,3333.06665,63.9980469
2270.0,250.0,1.32892752,1.41876221,3334.53345,63.9980469
2271.0,250.0,1.33597016,1.44317627,3336.0,63.9980469
2272.0,250.0,1.357802,1.42089844,3337.46655,63.9980469
2273.0,250.0,1.32047653,1.43310547,3338.93335,63.9980469
2274.0,250.0,1.3423084,1.458435,3340.53345,63.9980469
2275.0,250.0,1.34160411,1.41235352,3342.0,63.9980469
2276.0,250.0,1.33104038,1.37146,3343.46655,63.9980469
2277.0,250.0,1.34794247,1.38244629,3344.93335,63.9980469
2278.0,250.0,1.33244884,1.44042969,3346.4,63.9980469
2279.0,250.0,1.34371686,1.44317627,3347.8667,63.9980469
2280.0,250.0,1.34371686,1.42211914,3349.46655,63.9980469
2281.0,250.0,1.354985,1.421814,3350.93335,63.9980469
2282.0,250.0,1.3423084,1.421814,3352.4,63.9980469
2283.0,250.0,1.33456159,1.39099121,3353.8667,63.9980469
2284.0,250.0,1.36554873,1.36352539,3355.33325,63.9980469
2285.0,250.0,1.32540631,1.41174316,3356.93335,63.9980469
2286.0,250.0,1.3338573,1.44378662,3358.4,63.9980469
2287.0,250.0,1.36273181,1.40319824,3359.8667,63.9980469
2288.0,250.0,1.34512544,1.38458252,3361.33325,63.9980469
2289.0,250.0,1.34653389,1.3848877,3362.8,63.9980469
2290.0,250.0,1.33949137,1.3848877,3364.4,63.9980469
2291.0,250.0,1.35287225,1.38427734,3365.8667,63.9980469
2292.0,250.0,1.33033609,1.39801025,3367.33325,63.9980469
2293.0,250.0,1.31413817,1.421814,3368.8,63.9980469
2294.0,250.0,1.33526587,1.39129639,3370.2666,63.9980469
2295.0,250.0,1.30568719,1.34429932,3371.7334,63.9980469
2296.0,250.0,1.30568719,1.36077881,3373.33325,63.9980469
2297.0,250.0,1.31272972,1.38305664,3374.8,63.9980469
2298.0,250.0,1.29653192,1.38397217,3376.2666,63.9980469
2299.0,250.0,1.316251,1.394043,3377.7334,63.9980469
2300.0,250.0,1.28737652,1.40014648,3379.2,63.9980469
2301.0,250.0,1.27047443,1.37237549,3380.8,63.9980469
2302.0,250.0,1.271883,1.34094238,3382.2666,63.9980469
2303.0,250.0,1.27540421,1.361084,3383.7334,63.9980469
2304.0,250.0,1.25568509,1.38427734,3385.2,63.9980469
2305.0,250.0,1.25427663,1.37207031,3386.66675,63.9980469
2306.0,250.0,1.26977026,1.362915,3388.2666,63.9980469
2307.0,250.0,1.2641362,1.38397217,3389.7334,63.9980469
2308.0,250.0,1.26272762,1.37084961,3391.2,63.9980469
2309.0,250.0,1.27329147,1.34155273,3392.66675,63.9980469
2310.0,250.0,1.26484048,1.35284424,3394.1333,63.9980469
2311.0,250.0,1.25920641,1.3973999,3395.6,63.9980469
2312.0,250.0,1.25638938,1.39160156,3397.2,63.9980469
2313.0,250.0,1.27047443,1.37207031,3398.66675,63.9980469
2314.0,250.0,1.26061487,1.34155273,3400.1333,63.9980469
2315.0,250.0,1.25709367,1.34094238,3401.6,63.9980469
2316.0,250.0,1.2514596,1.34124756,3403.06665,63.9980469
2317.0,250.0,1.25498092,1.36077881,3404.66675,63.9980469
2318.0,250.0,1.2761085,1.38397217,3406.1333,63.9980469
2319.0,250.0,1.25709367,1.383667,3407.6,63.9980469
2320.0,250.0,1.27329147,1.366272,3409.06665,63.9980469
2321.0,250.0,1.27399576,1.32781982,3410.53345,63.9980469
2322.0,250.0,1.25920641,1.32476807,3412.0,63.9980469
2323.0,250.0,1.271883,1.35955811,3413.6,63.9980469
2324.0,250.0,1.280334,1.383667,3415.06665,63.9980469
2325.0,250.0,1.280334,1.36260986,3416.53345,63.9980469
2326.0,250.0,1.27540421,1.36322021,3418.0,63.9980469
2327.0,250.0,1.27892554,1.36138916,3419.46655,63.9980469
2328.0,250.0,1.29019356,1.33178711,3421.06665,63.9980469
2329.0,250.0,1.28244674,1.32507324,3422.53345,63.9980469
2330.0,250.0,1.29301059,1.35345459,3424.0,63.9980469
2331.0,250.0,1.29371488,1.383667,3425.46655,63.9980469
2332.0,250.0,1.29794037,1.38427734,3426.93335,63.9980469
2333.0,250.0,1.280334,1.362915,3428.4,63.9980469
2334.0,250.0,1.28244674,1.34185791,3430.0,63.9980469
2335.0,250.0,1.26977026,1.34124756,3431.46655,63.9980469
2336.0,250.0,1.266249,1.34216309,3432.93335,63.9980469
2337.0,250.0,1.24723411,1.37573242,3434.4,63.9980469
2338.0,250.0,1.25357234,1.37207031,3435.8667,63.9980469
2339.0,250.0,1.2514596,1.333313,3437.46655,63.9980469
2340.0,250.0,1.230332,1.30584717,3438.93335,63.9980469
2341.0,250.0,1.21342993,1.32354736,3440.4,63.9980469
2342.0,250.0,1.22681069,1.32507324,3441.8667,63.9980469
2343.0,250.0,1.235966,1.30401611,3443.33325,63.9980469
2344.0,250.0,1.21342993,1.33300781,3444.93335,63.9980469
2345.0,250.0,1.227515,1.34918213,3446.4,63.9980469
2346.0,250.0,1.22117662,1.30615234,3447.8667,63.9980469
2347.0,250.0,1.21483839,1.28234863,3449.33325,63.9980469
2348.0,250.0,1.20145762,1.295166,3450.8,63.9980469
2349.0,250.0,1.19582355,1.31164551,3452.4,63.9980469
2350.0,250.0,1.20850015,1.29089355,3453.8667,63.9980469
2351.0,250.0,1.1979363,1.30249023,3455.33325,63.9980469
2352.0,250.0,1.17540014,1.29119873,3456.8,63.9980469
2353.0,250.0,1.17540014,1.25457764,3458.2666,63.9980469
2354.0,250.0,1.16131508,1.21429443,3459.8667,63.9980469
2355.0,250.0,1.16835761,1.24176025,3461.33325,63.9980469
2356.0,250.0,1.12962365,1.27990723,3462.8,63.9980469
2357.0,250.0,1.14300442,1.26708984,3464.2666,63.9980469
2358.0,250.0,1.15145552,1.22528076,3465.7334,63.9980469
2359.0,250.0,1.116947,1.22253418,3467.33325,63.9980469
2360.0,250.0,1.12539816,1.22283936,3468.8,63.9980469
2361.0,250.0,1.13948321,1.20758057,3470.2666,63.9980469
2362.0,250.0,1.116947,1.22192383,3471.7334,63.9980469
2363.0,250.0,1.10497475,1.24420166,3473.2,63.9980469
2364.0,250.0,1.10074925,1.244812,3474.8,63.9980469
2365.0,250.0,1.11413,1.210022,3476.2666,63.9980469
2366.0,250.0,1.09722793,1.18591309,3477.7334,63.9980469
2367.0,250.0,1.06905782,1.192627,3479.2,63.9980469
2368.0,250.0,1.09934068,1.18560791,3480.8,63.9980469
2369.0,250.0,1.08595991,1.20391846,3482.2666,63.9980469
2370.0,250.0,1.08243859,1.24084473,3483.7334,63.9980469
2371.0,250.0,1.09793222,1.21459961,3485.2,63.9980469
2372.0,250.0,1.08243859,1.18591309,3486.66675,63.9980469
2373.0,250.0,1.09934068,1.17645264,3488.2666,63.9980469
2374.0,250.0,1.06483221,1.18469238,3489.7334,63.9980469
2375.0,250.0,1.08173442,1.18591309,3491.2,63.9980469
2376.0,250.0,1.08595991,1.17858887,3492.66675,63.9980469
2377.0,250.0,1.07328331,1.18530273,3494.1333,63.9980469
2378.0,250.0,1.06905782,1.17218018,3495.7334,63.9980469
2379.0,250.0,1.07046628,1.13677979,3497.2,63.9980469
2380.0,250.0,1.088777,1.13830566,3498.66675,63.9980469
2381.0,250.0,1.07680464,1.17614746,3500.1333,63.9980469
2382.0,250.0,1.06764925,1.20574951,3501.6,63.9980469
2383.0,250.0,1.09159386,1.18591309,3503.2,63.9980469
2384.0,250.0,1.07469177,1.16271973,3504.66675,63.9980469
2385.0,250.0,1.06905782,1.16363525,3506.1333,63.9980469
2386.0,250.0,1.05074716,1.15356445,3507.6,63.9980469
2387.0,250.0,1.05638123,1.16333008,3509.06665,63.9980469
2388.0,250.0,1.06905782,1.18255615,3510.66675,63.9980469
2389.0,250.0,1.04793012,1.20422363,3512.1333,63.9980469
2390.0,250.0,1.0620153,1.206665,3513.6,63.9980469
2391.0,250.0,1.069762,1.16638184,3515.06665,63.9980469
2392.0,250.0,1.05567694,1.14746094,3516.53345,63.9980469
2393.0,250.0,1.06342375,1.16241455,3518.0,63.9980469
2394.0,250.0,1.05426848,1.18438721,3519.6,63.9980469
2395.0,250.0,1.0782131,1.18469238,3521.06665,63.9980469
2396.0,250.0,1.06764925,1.18499756,3522.53345,63.9980469
2397.0,250.0,1.05497265,1.19812012,3524.0,63.9980469
2398.0,250.0,1.07328331,1.18774414,3525.46655,63.9980469
2399.0,250.0,1.064128,1.15539551,3527.06665,63.9980469
2400.0,250.0,1.07187486,1.14746094,3528.53345,63.9980469
2401.0,250.0,1.061311,1.18255615,3530.0,63.9980469
2402.0,250.0,1.06060672,1.206665,3531.46655,63.9980469
2403.0,250.0,1.06764925,1.18652344,3532.93335,63.9980469
2404.0,250.0,1.05778968,1.16424561,3534.4,63.9980469
2405.0,250.0,1.04159188,1.15386963,3536.0,63.9980469
2406.0,250.0,1.02116847,1.14837646,3537.46655,63.9980469
2407.0,250.0,1.02680254,1.14776611,3538.93335,63.9980469
2408.0,250.0,1.02961957,1.14746094,3540.4,63.9980469
2409.0,250.0,1.00637913,1.14685059,3541.8667,63.9980469
2410.0,250.0,0.9951111,1.12823486,3543.46655,63.9980469
2411.0,250.0,0.983843,1.09436035,3544.93335,63.9980469
2412.0,250.0,0.9817303,1.08825684,3546.4,63.9980469
2413.0,250.0,0.9641239,1.10473633,3547.8667,63.9980469
2414.0,250.0,0.978913248,1.1050415,3549.46655,63.9980469
2415.0,250.0,0.962011158,1.10473633,3550.93335,63.9980469
2416.0,250.0,0.9528558,1.10565186,3552.4,63.9980469
2417.0,250.0,0.966236651,1.08886719,3553.8667,63.9980469
2418.0,250.0,0.942292035,1.08795166,3555.33325,63.9980469
2419.0,250.0,0.937362254,1.09802246,3556.93335,63.9980469
2420.0,250.0,0.931023955,1.10443115,3558.4,63.9980469
2421.0,250.0,0.937362254,1.08795166,3559.8667,63.9980469
2422.0,250.0,0.9275027,1.1038208,3561.33325,63.9980469
2423.0,250.0,0.937362254,1.0949707,3562.8,63.9980469
2424.0,250.0,0.9275027,1.06933594,3564.4,63.9980469
2425.0,250.0,0.947926044,1.06628418,3565.8667,63.9980469
2426.0,250.0,0.9352495,1.09649658,3567.33325,63.9980469
2427.0,250.0,0.9218687,1.12548828,3568.8,63.9980469
2428.0,250.0,0.919755936,1.104126,3570.2666,63.9980469
2429.0,250.0,0.911304832,1.08795166,3571.7334,63.9980469
2430.0,250.0,0.891585767,1.06689453,3573.33325,63.9980469
2431.0,250.0,0.8746836,1.04553223,3574.8,63.9980469
2432.0,250.0,0.89581126,1.02966309,3576.2666,63.9980469
2433.0,250.0,0.8767964,1.0446167,3577.7334,63.9980469
2434.0,250.0,0.8767964,1.06628418,3579.33325,63.9980469
2435.0,250.0,0.8789092,1.04614258,3580.8,63.9980469
2436.0,250.0,0.871162355,1.02935791,3582.2666,63.9980469
2437.0,250.0,0.8634156,1.01013184,3583.7334,63.9980469
2438.0,250.0,0.8429922,1.00708008,3585.2,63.9980469
2439.0,250.0,0.8521475,1.00799561,3586.8,63.9980469
2440.0,250.0,0.8436965,1.00738525,3588.2666,63.9980469
2441.0,250.0,0.828907132,1.00708008,3589.7334,63.9980469
2442.0,250.0,0.8380624,0.987854,3591.2,63.9980469
2443.0,250.0,0.8127093,0.9701538,3592.8,63.9980469
2444.0,250.0,0.8190476,0.9490967,3594.2666,63.9980469
2445.0,250.0,0.811300755,0.9484863,3595.7334,63.9980469
2446.0,250.0,0.7979199,0.967102051,3597.2,63.9980469
2447.0,250.0,0.8169348,0.9701538,3598.66675,63.9980469
2448.0,250.0,0.7767923,0.947876,3600.2666,63.9980469
2449.0,250.0,0.792990148,0.9274292,3601.7334,63.9980469
2450.0,250.0,0.794398665,0.911865234,3603.2,63.9980469
2451.0,250.0,0.7725668,0.925292969,3604.66675,63.9980469
2452.0,250.0,0.7725668,0.947876,3606.1333,63.9980469
2453.0,250.0,0.77538383,0.9289551,3607.7334,63.9980469
2454.0,250.0,0.77538383,0.9265137,3609.2,63.9980469
2455.0,250.0,0.7669328,0.9265137,3610.66675,63.9980469
2456.0,250.0,0.7429881,0.9265137,3612.1333,63.9980469
2457.0,250.0,0.765524268,0.9112549,3613.7334,63.9980469
2458.0,250.0,0.7507349,0.9109497,3615.2,63.9980469
2459.0,250.0,0.7197477,0.9384155,3616.66675,63.9980469
2460.0,250.0,0.7366498,0.9350586,3618.1333,63.9980469
2461.0,250.0,0.726086,0.9112549,3619.6,63.9980469
2462.0,250.0,0.73172003,0.8898926,3621.2,63.9980469
2463.0,250.0,0.7127052,0.8895874,3622.66675,63.9980469
2464.0,250.0,0.710592449,0.888977051,3624.1333,63.9980469
2465.0,250.0,0.7197477,0.9072876,3625.6,63.9980469
2466.0,250.0,0.7063669,0.910644531,3627.06665,63.9980469
2467.0,250.0,0.7120009,0.897827148,3628.66675,63.9980469
2468.0,250.0,0.687352061,0.8898926,3630.1333,63.9980469
2469.0,250.0,0.7014371,0.8581543,3631.6,63.9980469
2470.0,250.0,0.6866478,0.8514404,3633.06665,63.9980469
2471.0,250.0,0.662703156,0.86517334,3634.53345,63.9980469
2472.0,250.0,0.678901,0.8666992,3636.1333,63.9980469
2473.0,250.0,0.6704499,0.852355957,3637.6,63.9980469
2474.0,250.0,0.649322331,0.8288574,3639.06665,63.9980469
2475.0,250.0,0.6465053,0.828552246,3640.53345,63.9980469
2476.0,250.0,0.650730848,0.806884766,3642.1333,63.9980469
2477.0,250.0,0.638054252,0.7940674,3643.6,63.9980469
2478.0,250.0,0.6310117,0.8087158,3645.06665,63.9980469
2479.0,250.0,0.6352372,0.8078003,3646.53345,63.9980469
2480.0,250.0,0.643688262,0.7940674,3648.1333,63.9980469
2481.0,250.0,0.6288989,0.7925415,3649.6,63.9980469
2482.0,250.0,0.6331245,0.7922363,3651.06665,63.9980469
2483.0,250.0,0.6281947,0.791626,3652.53345,63.9980469
2484.0,250.0,0.6415755,0.791626,3654.0,63.9980469
2485.0,250.0,0.632420242,0.80078125,3655.6,63.9980469
2486.0,250.0,0.6183351,0.827331543,3657.06665,63.9980469
2487.0,250.0,0.643688262,0.8010864,3658.53345,63.9980469
2488.0,250.0,0.630307436,0.7711792,3660.0,63.9980469
2489.0,250.0,0.5979118,0.7989502,3661.46655,63.9980469
2490.0,250.0,0.609179854,0.8074951,3663.06665,63.9980469
2491.0,250.0,0.6127011,0.796813965,3664.53345,63.9980469
2492.0,250.0,0.595799,0.8062744,3666.0,63.9980469
2493.0,250.0,0.5873479,0.8288574,3667.46655,63.9980469
2494.0,250.0,0.5852352,0.799560547,3668.93335,63.9980469
2495.0,250.0,0.602841556,0.7525635,3670.53345,63.9980469
2496.0,250.0,0.590164959,0.780639648,3672.0,63.9980469
2497.0,250.0,0.578192651,0.819702148,3673.46655,63.9980469
2498.0,250.0,0.583826661,0.8102417,3674.93335,63.9980469
2499.0,250.0,0.608475566,0.773010254,3676.4,63.9980469
2500.0,250.0,0.5824182,0.7910156,3677.8667,63.9980469
2501.0,250.0,0.579601169,0.808105469,3679.46655,63.9980469
2502.0,250.0,0.5972075,0.7785034,3680.93335,63.9980469
2503.0,250.0,0.596503258,0.7702637,3682.4,63.9980469
2504.0,250.0,0.5936862,0.7998657,3683.8667,63.9980469
2505.0,250.0,0.5810097,0.808105469,3685.33325,63.9980469
2506.0,250.0,0.6063628,0.7714844,3686.93335,63.9980469
2507.0,250.0,0.607771337,0.7699585,3688.4,63.9980469
2508.0,250.0,0.5873479,0.7910156,3689.8667,63.9980469
2509.0,250.0,0.602137268,0.779418945,3691.33325,63.9980469
2510.0,250.0,0.6119968,0.748901367,3692.8,63.9980469
2511.0,250.0,0.5943905,0.7891846,3694.4,63.9980469
2512.0,250.0,0.5936862,0.7977295,3695.8667,63.9980469
2513.0,250.0,0.595799,0.7723999,3697.33325,63.9980469
2514.0,250.0,0.6063628,0.750427246,3698.8,63.9980469
2515.0,250.0,0.5788969,0.7601929,3700.2666,63.9980469
2516.0,250.0,0.585939467,0.7702637,3701.8667,63.9980469
2517.0,250.0,0.59509474,0.7702637,3703.33325,63.9980469
2518.0,250.0,0.5810097,0.7696533,3704.8,63.9980469
2519.0,250.0,0.588756442,0.7699585,3706.2666,63.9980469
2520.0,250.0,0.5810097,0.7507324,3707.7334,63.9980469
2521.0,250.0,0.59509474,0.749206543,3709.2,63.9980469
2522.0,250.0,0.592982,0.7821655,3710.8,63.9980469
2523.0,250.0,0.5711501,0.793151855,3712.2666,63.9980469
2524.0,250.0,0.585939467,0.778198242,3713.7334,63.9980469
2525.0,250.0,0.5803054,0.7702637,3715.2,63.9980469
2526.0,250.0,0.554248035,0.7901001,3716.66675,63.9980469
2527.0,250.0,0.5521352,0.770874,3718.2666,63.9980469
2528.0,250.0,0.551431,0.7342529,3719.7334,63.9980469
2529.0,250.0,0.557065,0.74798584,3721.2,63.9980469
2530.0,250.0,0.5408672,0.781860352,3722.66675,63.9980469
2531.0,250.0,0.5584735,0.779418945,3724.1333,63.9980469
2532.0,250.0,0.553543746,0.7507324,3725.6,63.9980469
2533.0,250.0,0.5450927,0.74798584,3727.2,63.9980469
2534.0,250.0,0.5380502,0.7485962,3728.66675,63.9980469
2535.0,250.0,0.549318254,0.748291,3730.1333,63.9980469
2536.0,250.0,0.5373459,0.74798584,3731.6,63.9980469
2537.0,250.0,0.5324161,0.747680664,3733.06665,63.9980469
2538.0,250.0,0.553543746,0.7495117,3734.66675,63.9980469
2539.0,250.0,0.5267821,0.7333374,3736.1333,63.9980469
2540.0,250.0,0.5465012,0.7122803,3737.6,63.9980469
2541.0,250.0,0.549318254,0.711364746,3739.06665,63.9980469
2542.0,250.0,0.519739568,0.731506348,3740.53345,63.9980469
2543.0,250.0,0.5528395,0.7345581,3742.1333,63.9980469
2544.0,250.0,0.5626991,0.7131958,3743.6,63.9980469
2545.0,250.0,0.5324161,0.7110596,3745.06665,63.9980469
2546.0,250.0,0.561290562,0.713806152,3746.53345,63.9980469
2547.0,250.0,0.56762886,0.6903076,3748.0,63.9980469
2548.0,250.0,0.5507267,0.7015991,3749.46655,63.9980469
2549.0,250.0,0.548613966,0.7318115,3751.06665,63.9980469
2550.0,250.0,0.5577693,0.7342529,3752.53345,63.9980469
2551.0,250.0,0.557065,0.7131958,3754.0,63.9980469
2552.0,250.0,0.5190353,0.7104492,3755.46655,63.9980469
2553.0,250.0,0.53523314,0.7116699,3756.93335,63.9980469
2554.0,250.0,0.5253736,0.6915283,3758.53345,63.9980469
2555.0,250.0,0.524669349,0.702514648,3760.0,63.9980469
2556.0,250.0,0.531007648,0.72265625,3761.46655,63.9980469
2557.0,250.0,0.526077867,0.7104492,3762.93335,63.9980469
2558.0,250.0,0.5338246,0.7116699,3764.4,63.9980469
2559.0,250.0,0.5338246,0.711364746,3766.0,63.9980469
2560.0,250.0,0.5112885,0.7232666,3767.46655,63.9980469
2561.0,250.0,0.531007648,0.713501,3768.93335,63.9980469
2562.0,250.0,0.5380502,0.7116699,3770.4,63.9980469
2563.0,250.0,0.524669349,0.730896,3771.8667,63.9980469
2564.0,250.0,0.5394587,0.731506348,3773.33325,63.9980469
2565.0,250.0,0.5373459,0.6982422,3774.93335,63.9980469
2566.0,250.0,0.5345289,0.7019043,3776.4,63.9980469
2567.0,250.0,0.518331051,0.731506348,3777.8667,63.9980469
2568.0,250.0,0.515514,0.7324219,3779.33325,63.9980469
2569.0,250.0,0.510584235,0.7110596,3780.8,63.9980469
2570.0,250.0,0.4915694,0.70892334,3782.4,63.9980469
2571.0,250.0,0.490865141,0.6994629,3783.8667,63.9980469
2572.0,250.0,0.462694973,0.6756592,3785.33325,63.9980469
2573.0,250.0,0.481005579,0.651855469,3786.8,63.9980469
2574.0,250.0,0.461286455,0.664672852,3788.2666,63.9980469
2575.0,250.0,0.438750327,0.688781738,3789.8667,63.9980469
2576.0,250.0,0.461286455,0.6542969,3791.33325,63.9980469
2577.0,250.0,0.4577652,0.631713867,3792.8,63.9980469
2578.0,250.0,0.450722635,0.652160645,3794.2666,63.9980469
2579.0,250.0,0.427482277,0.6515503,3795.7334,63.9980469
2580.0,250.0,0.43663758,0.6314087,3797.33325,63.9980469
2581.0,250.0,0.4408631,0.63079834,3798.8,63.9980469
2582.0,250.0,0.421143979,0.663147,3800.2666,63.9980469
2583.0,250.0,0.416918457,0.6524658,3801.7334,63.9980469
2584.0,250.0,0.43663758,0.6222534,3803.2,63.9980469
2585.0,250.0,0.416918457,0.6140137,3804.8,63.9980469
2586.0,250.0,0.403537631,0.63079834,3806.2666,63.9980469
2587.0,250.0,0.418326974,0.630493164,3807.7334,63.9980469
2588.0,250.0,0.432412028,0.630493164,3809.2,63.9980469
2589.0,250.0,0.405650377,0.630493164,3810.66675,63.9980469
2590.0,250.0,0.403537631,0.6222534,3812.2666,63.9980469
2591.0,250.0,0.423960984,0.614624,3813.7334,63.9980469
2592.0,250.0,0.4070589,0.592956543,3815.2,63.9980469
2593.0,250.0,0.390861034,0.612792969,3816.66675,63.9980469
2594.0,250.0,0.3887483,0.614318848,3818.1333,63.9980469
2595.0,250.0,0.384522766,0.5923462,3819.7334,63.9980469
2596.0,250.0,0.403537631,0.5731201,3821.2,63.9980469
2597.0,250.0,0.381705731,0.5709839,3822.66675,63.9980469
2598.0,250.0,0.366212159,0.570373535,3824.1333,63.9980469
2599.0,250.0,0.389452547,0.5560303,3825.6,63.9980469
2600.0,250.0,0.37677595,0.563964844,3827.2,63.9980469
2601.0,250.0,0.357056856,0.582885742,3828.66675,63.9980469
2602.0,250.0,0.38241,0.5807495,3830.1333,63.9980469
2603.0,250.0,0.3901568,0.557251,3831.6,63.9980469
2604.0,250.0,0.3535356,0.5831909,3833.06665,63.9980469
2605.0,250.0,0.378888726,0.58013916,3834.66675,63.9980469
2606.0,250.0,0.385931283,0.571594238,3836.1333,63.9980469
2607.0,250.0,0.366916418,0.591430664,3837.6,63.9980469
2608.0,250.0,0.37677595,0.614624,3839.06665,63.9980469
2609.0,250.0,0.366916418,0.5938721,3840.53345,63.9980469
2610.0,250.0,0.37677595,0.5807495,3842.1333,63.9980469
2611.0,250.0,0.381705731,0.5911255,3843.6,63.9980469
2612.0,250.0,0.3626909,0.592651367,3845.06665,63.9980469
2613.0,250.0,0.370437682,0.6140137,3846.53345,63.9980469
2614.0,250.0,0.3838185,0.592651367,3848.0,63.9980469
2615.0,250.0,0.364803642,0.5932617,3849.46655,63.9980469
2616.0,250.0,0.369733423,0.611572266,3851.06665,63.9980469
2617.0,250.0,0.372550428,0.580444336,3852.53345,63.9980469
2618.0,250.0,0.375367463,0.571289063,3854.0,63.9980469
2619.0,250.0,0.36057812,0.582580566,3855.46655,63.9980469
2620.0,250.0,0.3535356,0.613098145,3856.93335,63.9980469
2621.0,250.0,0.3838185,0.5950928,3858.53345,63.9980469
2622.0,250.0,0.3810015,0.5709839,3860.0,63.9980469
2623.0,250.0,0.3626909,0.59173584,3861.46655,63.9980469
2624.0,250.0,0.392269552,0.592651367,3862.93335,63.9980469
2625.0,250.0,0.387339771,0.571289063,3864.4,63.9980469
2626.0,250.0,0.379592985,0.5831909,3865.8667,63.9980469
2627.0,250.0,0.383114249,0.592651367,3867.46655,63.9980469
2628.0,250.0,0.3887483,0.5935669,3868.93335,63.9980469
2629.0,250.0,0.395790815,0.5731201,3870.4,63.9980469
2630.0,250.0,0.376071721,0.570373535,3871.8667,63.9980469
2631.0,250.0,0.37677595,0.590515137,3873.33325,63.9980469
2632.0,250.0,0.387339771,0.571289063,3874.93335,63.9980469
2633.0,250.0,0.369733423,0.571289063,3876.4,63.9980469
2634.0,250.0,0.3655079,0.5709839,3877.8667,63.9980469
2635.0,250.0,0.369029164,0.561523438,3879.33325,63.9980469
2636.0,250.0,0.3535356,0.5545044,3880.8,63.9980469
2637.0,250.0,0.363395125,0.5548096,3882.2666,63.9980469
2638.0,250.0,0.345084518,0.570068359,3883.8667,63.9980469
2639.0,250.0,0.352127075,0.571289063,3885.33325,63.9980469
2640.0,250.0,0.37677595,0.571594238,3886.8,63.9980469
2641.0,250.0,0.3331122,0.5706787,3888.2666,63.9980469
2642.0,250.0,0.35494408,0.5709839,3889.7334,63.9980469
2643.0,250.0,0.364803642,0.5432129,3891.33325,63.9980469
2644.0,250.0,0.33874625,0.553588867,3892.8,63.9980469
2645.0,250.0,0.358465344,0.590515137,3894.2666,63.9980469
2646.0,250.0,0.338042,0.572509766,3895.7334,63.9980469
2647.0,250.0,0.350718558,0.570373535,3897.2,63.9980469
2648.0,250.0,0.3563526,0.5557251,3898.66675,63.9980469
2649.0,250.0,0.335224956,0.570373535,3900.2666,63.9980469
2650.0,250.0,0.3535356,0.556335449,3901.7334,63.9980469
2651.0,250.0,0.346493036,0.5557251,3903.2,63.9980469
2652.0,250.0,0.346493036,0.571289063,3904.66675,63.9980469
2653.0,250.0,0.335224956,0.5935669,3906.1333,63.9980469
2654.0,250.0,0.325365424,0.5706787,3907.7334,63.9980469
2655.0,250.0,0.3443803,0.5548096,3909.2,63.9980469
2656.0,250.0,0.318322867,0.5548096,3910.66675,63.9980469
2657.0,250.0,0.307759047,0.555114746,3912.1333,63.9980469
2658.0,250.0,0.335929215,0.555114746,3913.6,63.9980469
2659.0,250.0,0.3211399,0.5548096,3915.06665,63.9980469
2660.0,250.0,0.315505862,0.570373535,3916.66675,63.9980469
2661.0,250.0,0.316210121,0.5541992,3918.1333,63.9980469
2662.0,250.0,0.320435643,0.533447266,3919.6,63.9980469
2663.0,250.0,0.31691435,0.5328369,3921.06665,63.9980469
2664.0,250.0,0.3133931,0.5331421,3922.53345,63.9980469
2665.0,250.0,0.315505862,0.5548096,3924.1333,63.9980469
2666.0,250.0,0.316210121,0.5419922,3925.6,63.9980469
2667.0,250.0,0.314097345,0.521240234,3927.06665,63.9980469
2668.0,250.0,0.309871823,0.512084961,3928.53345,63.9980469
2669.0,250.0,0.309871823,0.532531738,3930.0,63.9980469
2670.0,250.0,0.312688828,0.520935059,3931.46655,63.9980469
2671.0,250.0,0.297195256,0.531311035,3933.06665,63.9980469
2672.0,250.0,0.3056463,0.5328369,3934.53345,63.9980469
2673.0,250.0,0.304942042,0.5328369,3936.0,63.9980469
2674.0,250.0,0.3056463,0.520935059,3937.46655,63.9980469
2675.0,250.0,0.31128034,0.511169434,3938.93335,63.9980469
2676.0,250.0,0.269729346,0.5126953,3940.53345,63.9980469
2677.0,250.0,0.3239569,0.5331421,3942.0,63.9980469
2678.0,250.0,0.309167564,0.524902344,3943.46655,63.9980469
2679.0,250.0,0.266208053,0.552063,3944.93335,63.9980469
2680.0,250.0,0.302125037,0.5419922,3946.4,63.9980469
2681.0,250.0,0.320435643,0.513305664,3947.8667,63.9980469
2682.0,250.0,0.276771873,0.532531738,3949.46655,63.9980469
2683.0,250.0,0.281701654,0.5548096,3950.93335,63.9980469
2684.0,250.0,0.2781804,0.5548096,3952.4,63.9980469
2685.0,250.0,0.290856957,0.5203247,3953.8667,63.9980469
2686.0,250.0,0.299308,0.530090332,3955.33325,63.9980469
2687.0,250.0,0.263391048,0.553588867,3956.93335,63.9980469
2688.0,250.0,0.278884649,0.5545044,3958.4,63.9980469
2689.0,250.0,0.301420778,0.5126953,3959.8667,63.9980469
2690.0,250.0,0.275363356,0.531005859,3961.33325,63.9980469
2691.0,250.0,0.25141874,0.570068359,3962.8,63.9980469
2692.0,250.0,0.304942042,0.523681641,3964.2666,63.9980469
2693.0,250.0,0.266208053,0.510864258,3965.8667,63.9980469
2694.0,250.0,0.2669123,0.531005859,3967.33325,63.9980469
2695.0,250.0,0.2887442,0.521240234,3968.8,63.9980469
2696.0,250.0,0.26761657,0.512084961,3970.2666,63.9980469
2697.0,250.0,0.302125037,0.512084961,3971.7334,63.9980469
2698.0,250.0,0.2873357,0.5328369,3973.33325,63.9980469
2699.0,250.0,0.2795889,0.533447266,3974.8,63.9980469
2700.0,250.0,0.31128034,0.503234863,3976.2666,63.9980469
2701.0,250.0,0.2732506,0.5093384,3977.7334,63.9980469
2702.0,250.0,0.2901527,0.520019531,3979.2,63.9980469
2703.0,250.0,0.301420778,0.5114746,3980.66675,63.9980469
2704.0,250.0,0.2824059,0.5114746,3982.2666,63.9980469
2705.0,250.0,0.302125037,0.521240234,3983.7334,63.9980469
2706.0,250.0,0.281701654,0.511169434,3985.2,63.9980469
2707.0,250.0,0.2873357,0.511169434,3986.66675,63.9980469
2708.0,250.0,0.292265475,0.49621582,3988.1333,63.9980469
2709.0,250.0,0.276771873,0.512084961,3989.7334,63.9980469
2710.0,250.0,0.281701654,0.532226563,3991.2,63.9980469
2711.0,250.0,0.285927176,0.5328369,3992.66675,63.9980469
2712.0,250.0,0.2824059,0.5331421,3994.1333,63.9980469
2713.0,250.0,0.26761657,0.533752441,3995.6,63.9980469
2714.0,250.0,0.283110172,0.5105591,3997.06665,63.9980469
2715.0,250.0,0.275363356,0.5307007,3998.66675,63.9980469
2716.0,250.0,0.2718421,0.5456543,4000.1333,63.9980469
2717.0,250.0,0.280293137,0.533447266,4001.6,63.9980469
2718.0,250.0,0.2690251,0.5328369,4003.06665,63.9980469
2719.0,250.0,0.260574043,0.5331421,4004.53345,63.9980469
2720.0,250.0,0.2809974,0.5218506,4006.0,63.9980469
2721.0,250.0,0.2690251,0.5130005,4007.6,63.9980469
2722.0,250.0,0.2718421,0.5316162,4009.06665,63.9980469
2723.0,250.0,0.290856957,0.5328369,4010.53345,63.9980469
2724.0,250.0,0.281701654,0.533752441,4012.0,63.9980469
2725.0,250.0,0.28381443,0.5328369,4013.46655,63.9980469
2726.0,250.0,0.306350559,0.514831543,4014.93335,63.9980469
2727.0,250.0,0.2718421,0.512084961,4016.53345,63.9980469
2728.0,250.0,0.266208053,0.519104,4018.0,63.9980469
2729.0,250.0,0.291561216,0.512390137,4019.46655,63.9980469
2730.0,250.0,0.277476132,0.510864258,4020.93335,63.9980469
2731.0,250.0,0.259869784,0.5114746,4022.4,63.9980469
2732.0,250.0,0.271137834,0.496521,4024.0,63.9980469
2733.0,250.0,0.2781804,0.473938,4025.46655,63.9980469
2734.0,250.0,0.261278272,0.4736328,4026.93335,63.9980469
2735.0,250.0,0.252827227,0.485534668,4028.4,63.9980469
2736.0,250.0,0.2669123,0.476074219,4029.8667,63.9980469
2737.0,250.0,0.268320829,0.473938,4031.46655,63.9980469
2738.0,250.0,0.2535315,0.473938,4032.93335,63.9980469
2739.0,250.0,0.257052749,0.4736328,4034.4,63.9980469
2740.0,250.0,0.274659127,0.473022461,4035.8667,63.9980469
2741.0,250.0,0.261278272,0.474243164,4037.33325,63.9980469
2742.0,250.0,0.266208053,0.495910645,4038.8,63.9980469
2743.0,250.0,0.2669123,0.494995117,4040.4,63.9980469
2744.0,250.0,0.277476132,0.4953003,4041.8667,63.9980469
2745.0,250.0,0.255644262,0.4953003,4043.33325,63.9980469
2746.0,250.0,0.265503824,0.494995117,4044.8,63.9980469
2747.0,250.0,0.2824059,0.5114746,4046.2666,63.9980469
2748.0,250.0,0.275363356,0.510864258,4047.7334,63.9980469
2749.0,250.0,0.266208053,0.5307007,4049.33325,63.9980469
2750.0,250.0,0.2640953,0.5331421,4050.8,63.9980469
2751.0,250.0,0.285927176,0.5038452,4052.2666,63.9980469
2752.0,250.0,0.266208053,0.49621582,4053.7334,63.9980469
2753.0,250.0,0.2535315,0.523376465,4055.2,63.9980469
2754.0,250.0,0.275363356,0.5142212,4056.8,63.9980469
2755.0,250.0,0.284518659,0.5117798,4058.2666,63.9980469
2756.0,250.0,0.259869784,0.512084961,4059.7334,63.9980469
2757.0,250.0,0.271137834,0.5331421,4061.2,63.9980469
2758.0,250.0,0.2626868,0.503540039,4062.66675,63.9980469
2759.0,250.0,0.2626868,0.476989746,4064.1333,63.9980469
2760.0,250.0,0.263391048,0.495605469,4065.7334,63.9980469
2761.0,250.0,0.255644262,0.5114746,4067.2,63.9980469
2762.0,250.0,0.256348521,0.497436523,4068.66675,63.9980469
2763.0,250.0,0.2732506,0.495605469,4070.1333,63.9980469
2764.0,250.0,0.258461267,0.495605469,4071.6,63.9980469
2765.0,250.0,0.2380379,0.496826172,4073.2,63.9980469
2766.0,250.0,0.268320829,0.4763794,4074.66675,63.9980469
2767.0,250.0,0.266208053,0.464477539,4076.1333,63.9980469
2768.0,250.0,0.241559163,0.5029297,4077.6,63.9980469
2769.0,250.0,0.269729346,0.496826172,4079.06665,63.9980469
2770.0,250.0,0.2704336,0.4547119,4080.53345,63.9980469
2771.0,250.0,0.257757,0.470275879,4082.1333,63.9980469
2772.0,250.0,0.256348521,0.493164063,4083.6,63.9980469
2773.0,250.0,0.259165525,0.4736328,4085.06665,63.9980469
2774.0,250.0,0.2718421,0.4736328,4086.53345,63.9980469
2775.0,250.0,0.25494,0.4852295,4088.0,63.9980469
2776.0,250.0,0.252827227,0.4840088,4089.6,63.9980469
2777.0,250.0,0.2760676,0.454406738,4091.06665,63.9980469
2778.0,250.0,0.25494,0.464172363,4092.53345,63.9980469
2779.0,250.0,0.265503824,0.4925537,4094.0,63.9980469
2780.0,250.0,0.242263421,0.4840088,4095.46655,63.9980469
2781.0,250.0,0.260574043,0.473327637,4096.933,63.9980469
2782.0,250.0,0.2732506,0.494995117,4098.533,63.9980469
2783.0,250.0,0.245080441,0.494689941,4100.0,63.9980469
2784.0,250.0,0.242263421,0.494384766,4101.467,63.9980469
2785.0,250.0,0.2795889,0.473938,4102.933,63.9980469
2786.0,250.0,0.259869784,0.485534668,4104.4,63.9980469
2787.0,250.0,0.224657074,0.510864258,4105.8667,63.9980469
2788.0,250.0,0.25494,0.5029297,4107.467,63.9980469
2789.0,250.0,0.2640953,0.475463867,4108.933,63.9980469
2790.0,250.0,0.235220879,0.493469238,4110.4,63.9980469
2791.0,250.0,0.221840054,0.4953003,4111.8667,63.9980469
2792.0,250.0,0.261278272,0.4751587,4113.3335,63.9980469
2793.0,250.0,0.244376183,0.473327637,4114.8,63.9980469
2794.0,250.0,0.235925138,0.495605469,4116.4,63.9980469
2795.0,250.0,0.229586855,0.495605469,4117.8667,63.9980469
2796.0,250.0,0.259165525,0.476074219,4119.3335,63.9980469
2797.0,250.0,0.25141874,0.474243164,4120.8,63.9980469
2798.0,250.0,0.223248556,0.494384766,4122.2666,63.9980469
2799.0,250.0,0.229586855,0.495605469,4123.8667,63.9980469
2800.0,250.0,0.245080441,0.4736328,4125.3335,63.9980469
2801.0,250.0,0.2288826,0.471496582,4126.8,63.9980469
2802.0,250.0,0.226769835,0.47454834,4128.2666,63.9980469
2803.0,250.0,0.2288826,0.473938,4129.7334,63.9980469
2804.0,250.0,0.234516636,0.452880859,4131.3335,63.9980469
2805.0,250.0,0.223248556,0.4446411,4132.8,63.9980469
2806.0,250.0,0.222544312,0.470275879,4134.2666,63.9980469
2807.0,250.0,0.235925138,0.46295166,4135.7334,63.9980469
2808.0,250.0,0.232403859,0.452880859,4137.2,63.9980469
2809.0,250.0,0.221840054,0.452575684,4138.6665,63.9980469
2810.0,250.0,0.226065576,0.45135498,4140.2666,63.9980469
2811.0,250.0,0.241559163,0.4437256,4141.7334,63.9980469
2812.0,250.0,0.223248556,0.436706543,4143.2,63.9980469
2813.0,250.0,0.2274741,0.451965332,4144.6665,63.9980469
2814.0,250.0,0.230995357,0.453186035,4146.1333,63.9980469
2815.0,250.0,0.230995357,0.436401367,4147.7334,63.9980469
2816.0,250.0,0.2211358,0.4498291,4149.2,63.9980469
2817.0,250.0,0.213389009,0.453186035,4150.6665,63.9980469
2818.0,250.0,0.222544312,0.436401367,4152.1333,63.9980469
2819.0,250.0,0.226769835,0.4360962,4153.6,63.9980469
2820.0,250.0,0.217614532,0.451965332,4155.067,63.9980469
2821.0,250.0,0.223952815,0.462036133,4156.6665,63.9980469
2822.0,250.0,0.240854919,0.4434204,4158.1333,63.9980469
2823.0,250.0,0.222544312,0.436401367,4159.6,63.9980469
2824.0,250.0,0.220431551,0.462646484,4161.067,63.9980469
2825.0,250.0,0.244376183,0.4547119,4162.533,63.9980469
2826.0,250.0,0.244376183,0.4522705,4164.0,63.9980469
2827.0,250.0,0.216910273,0.47088623,4165.6,63.9980469
2828.0,250.0,0.2288826,0.473938,4167.067,63.9980469
2829.0,250.0,0.24015066,0.4437256,4168.533,63.9980469
2830.0,250.0,0.223952815,0.445251465,4170.0,63.9980469
2831.0,250.0,0.225361317,0.47088623,4171.467,63.9980469
2832.0,250.0,0.2274741,0.461730957,4173.067,63.9980469
2833.0,250.0,0.233108118,0.444335938,4174.533,63.9980469
2834.0,250.0,0.224657074,0.448913574,4176.0,63.9980469
2835.0,250.0,0.217614532,0.4522705,4177.467,63.9980469
2836.0,250.0,0.216206014,0.43762207,4178.933,63.9980469
2837.0,250.0,0.221840054,0.4159546,4180.533,63.9980469
2838.0,250.0,0.220431551,0.4449463,4182.0,63.9980469
2839.0,250.0,0.2042337,0.451660156,4183.467,63.9980469
2840.0,250.0,0.214797512,0.4437256,4184.933,63.9980469
2841.0,250.0,0.214797512,0.435791016,4186.4,63.9980469
2842.0,250.0,0.1950784,0.450134277,4187.8667,63.9980469
2843.0,250.0,0.191557124,0.444030762,4189.467,63.9980469
2844.0,250.0,0.2211358,0.415039063,4190.933,63.9980469
2845.0,250.0,0.219023034,0.444030762,4192.4,63.9980469
2846.0,250.0,0.195782647,0.473327637,4193.8667,63.9980469
2847.0,250.0,0.2211358,0.455627441,4195.3335,63.9980469
2848.0,250.0,0.229586855,0.43548584,4196.8,63.9980469
2849.0,250.0,0.200008169,0.464477539,4198.4,63.9980469
2850.0,250.0,0.213389009,0.46081543,4199.8667,63.9980469
2851.0,250.0,0.2197273,0.451660156,4201.3335,63.9980469
2852.0,250.0,0.211276248,0.452880859,4202.8,63.9980469
2853.0,250.0,0.21831879,0.473022461,4204.2666,63.9980469
2854.0,250.0,0.211980492,0.4522705,4205.7334,63.9980469
2855.0,250.0,0.216910273,0.437011719,4207.3335,63.9980469
2856.0,250.0,0.219023034,0.452575684,4208.8,63.9980469
2857.0,250.0,0.1964869,0.451965332,4210.2666,63.9980469
2858.0,250.0,0.212684751,0.43762207,4211.7334,63.9980469
2859.0,250.0,0.226769835,0.435791016,4213.2,63.9980469
2860.0,250.0,0.201416686,0.43548584,4214.8,63.9980469
2861.0,250.0,0.201416686,0.437011719,4216.2666,63.9980469
2862.0,250.0,0.217614532,0.4147339,4217.7334,63.9980469
2863.0,250.0,0.223248556,0.4147339,4219.2,63.9980469
2864.0,250.0,0.202825189,0.435180664,4220.6665,63.9980469
2865.0,250.0,0.209867731,0.438232422,4222.1333,63.9980469
2866.0,250.0,0.2274741,0.436706543,4223.7334,63.9980469
2867.0,250.0,0.222544312,0.437011719,4225.2,63.9980469
2868.0,250.0,0.223952815,0.451965332,4226.6665,63.9980469
2869.0,250.0,0.198599666,0.438232422,4228.1333,63.9980469
2870.0,250.0,0.224657074,0.437011719,4229.6,63.9980469
2871.0,250.0,0.223952815,0.451660156,4231.067,63.9980469
2872.0,250.0,0.202120945,0.452880859,4232.6665,63.9980469
2873.0,250.0,0.213389009,0.461425781,4234.1333,63.9980469
2874.0,250.0,0.207050711,0.438232422,4235.6,63.9980469
2875.0,250.0,0.211276248,0.4510498,4237.067,63.9980469
2876.0,250.0,0.202825189,0.4522705,4238.533,63.9980469
2877.0,250.0,0.191557124,0.452575684,4240.1333,63.9980469
2878.0,250.0,0.209163487,0.4522705,4241.6,63.9980469
2879.0,250.0,0.2042337,0.445556641,4243.067,63.9980469
2880.0,250.0,0.1887401,0.453186035,4244.533,63.9980469
2881.0,250.0,0.209867731,0.452575684,4246.0,63.9980469
2882.0,250.0,0.219023034,0.438232422,4247.467,63.9980469
2883.0,250.0,0.200712427,0.445251465,4249.067,63.9980469
2884.0,250.0,0.20775497,0.471801758,4250.533,63.9980469
2885.0,250.0,0.217614532,0.4550171,4252.0,63.9980469
2886.0,250.0,0.231699616,0.436706543,4253.467,63.9980469
2887.0,250.0,0.2274741,0.45135498,4254.933,63.9980469
2888.0,250.0,0.2042337,0.4638672,4256.4,63.9980469
2889.0,250.0,0.235220879,0.4522705,4258.0,63.9980469
2890.0,250.0,0.252827227,0.435791016,4259.467,63.9980469
2891.0,250.0,0.214797512,0.4824829,4260.933,63.9980469
2892.0,250.0,0.214797512,0.4837036,4262.4,63.9980469
2893.0,250.0,0.255644262,0.4385376,4263.8667,63.9980469
2894.0,250.0,0.225361317,0.437011719,4265.3335,63.9980469
2895.0,250.0,0.197191164,0.47088623,4266.933,63.9980469
2896.0,250.0,0.24296768,0.4550171,4268.4,63.9980469
2897.0,250.0,0.2302911,0.4446411,4269.8667,63.9980469
2898.0,250.0,0.2042337,0.4711914,4271.3335,63.9980469
2899.0,250.0,0.201416686,0.462036133,4272.8,63.9980469
2900.0,250.0,0.238742158,0.4385376,4274.2666,63.9980469
2901.0,250.0,0.211980492,0.445251465,4275.8667,63.9980469
2902.0,250.0,0.191557124,0.4925537,4277.3335,63.9980469
2903.0,250.0,0.203529447,0.477294922,4278.8,63.9980469
2904.0,250.0,0.2274741,0.438232422,4280.2666,63.9980469
2905.0,250.0,0.197191164,0.463562,4281.7334,63.9980469
2906.0,250.0,0.192965642,0.4736328,4283.2,63.9980469
2907.0,250.0,0.206346467,0.455322266,4284.8,63.9980469
2908.0,250.0,0.200712427,0.452575684,4286.2666,63.9980469
2909.0,250.0,0.197191164,0.451965332,4287.7334,63.9980469
2910.0,250.0,0.205642208,0.473938,4289.2,63.9980469
2911.0,250.0,0.202825189,0.473327637,4290.6665,63.9980469
2912.0,250.0,0.21550177,0.4736328,4292.2666,63.9980469
2913.0,250.0,0.213389009,0.473022461,4293.7334,63.9980469
2914.0,250.0,0.1950784,0.46295166,4295.2,63.9980469
2915.0,250.0,0.209163487,0.473022461,4296.6665,63.9980469
2916.0,250.0,0.211980492,0.474243164,4298.1333,63.9980469
2917.0,250.0,0.207050711,0.474853516,4299.6,63.9980469
2918.0,250.0,0.2197273,0.4623413,4301.2,63.9980469
2919.0,250.0,0.20775497,0.4522705,4302.6665,63.9980469
2920.0,250.0,0.2211358,0.451965332,4304.1333,63.9980469
2921.0,250.0,0.2197273,0.452880859,4305.6,63.9980469
2922.0,250.0,0.207050711,0.452880859,4307.067,63.9980469
2923.0,250.0,0.221840054,0.452880859,4308.533,63.9980469
2924.0,250.0,0.217614532,0.444030762,4310.1333,63.9980469
2925.0,250.0,0.208459228,0.437011719,4311.6,63.9980469
2926.0,250.0,0.2197273,0.451965332,4313.067,63.9980469
2927.0,250.0,0.223248556,0.4360962,4314.533,63.9980469
2928.0,250.0,0.209867731,0.436401367,4316.0,63.9980469
2929.0,250.0,0.213389009,0.45135498,4317.6,63.9980469
2930.0,250.0,0.2366294,0.4534912,4319.067,63.9980469
2931.0,250.0,0.206346467,0.4373169,4320.533,63.9980469
2932.0,250.0,0.223248556,0.451660156,4322.0,63.9980469
2933.0,250.0,0.222544312,0.436706543,4323.467,63.9980469
2934.0,250.0,0.211980492,0.451660156,4324.933,63.9980469
2935.0,250.0,0.220431551,0.452880859,4326.533,63.9980469
2936.0,250.0,0.212684751,0.452575684,4328.0,63.9980469
2937.0,250.0,0.229586855,0.4736328,4329.467,63.9980469
2938.0,250.0,0.216206014,0.4534912,4330.933,63.9980469
2939.0,250.0,0.211276248,0.452880859,4332.4,63.9980469
2940.0,250.0,0.21831879,0.4537964,4333.8667,63.9980469
2941.0,250.0,0.21831879,0.4522705,4335.467,63.9980469
2942.0,250.0,0.207050711,0.473327637,4336.933,63.9980469
2943.0,250.0,0.221840054,0.473938,4338.4,63.9980469
2944.0,250.0,0.223952815,0.473938,4339.8667,63.9980469
2945.0,250.0,0.226065576,0.4736328,4341.3335,63.9980469
2946.0,250.0,0.223952815,0.4547119,4342.8,63.9980469
2947.0,250.0,0.226065576,0.4727173,4344.4,63.9980469
2948.0,250.0,0.2211358,0.4925537,4345.8667,63.9980469
2949.0,250.0,0.2302911,0.4763794,4347.3335,63.9980469
2950.0,250.0,0.235925138,0.474243164,4348.8,63.9980469
2951.0,250.0,0.21831879,0.494384766,4350.2666,63.9980469
2952.0,250.0,0.233108118,0.4736328,4351.7334,63.9980469
2953.0,250.0,0.234516636,0.452880859,4353.3335,63.9980469
2954.0,250.0,0.220431551,0.473327637,4354.8,63.9980469
2955.0,250.0,0.223952815,0.4837036,4356.2666,63.9980469
2956.0,250.0,0.235925138,0.455322266,4357.7334,63.9980469
2957.0,250.0,0.226769835,0.452575684,4359.2,63.9980469
2958.0,250.0,0.21550177,0.4736328,4360.8,63.9980469
2959.0,250.0,0.2211358,0.455627441,4362.2666,63.9980469
2960.0,250.0,0.225361317,0.436706543,4363.7334,63.9980469
2961.0,250.0,0.219023034,0.450439453,4365.2,63.9980469
2962.0,250.0,0.21831879,0.473022461,4366.6665,63.9980469
2963.0,250.0,0.230995357,0.438232422,4368.1333,63.9980469
2964.0,250.0,0.224657074,0.437011719,4369.7334,63.9980469
2965.0,250.0,0.2197273,0.435791016,4371.2,63.9980469
2966.0,250.0,0.223248556,0.436706543,4372.6665,63.9980469
2967.0,250.0,0.2394464,0.436706543,4374.1333,63.9980469
2968.0,250.0,0.2274741,0.451965332,4375.6,63.9980469
2969.0,250.0,0.2197273,0.473938,4377.2,63.9980469
2970.0,250.0,0.2211358,0.4547119,4378.6665,63.9980469
2971.0,250.0,0.231699616,0.437927246,4380.1333,63.9980469
2972.0,250.0,0.222544312,0.4498291,4381.6,63.9980469
2973.0,250.0,0.1950784,0.473022461,4383.067,63.9980469
2974.0,250.0,0.221840054,0.455627441,4384.533,63.9980469
2975.0,250.0,0.235925138,0.452575684,4386.1333,63.9980469
2976.0,250.0,0.206346467,0.4736328,4387.6,63.9980469
2977.0,250.0,0.185218841,0.4827881,4389.067,63.9980469
2978.0,250.0,0.238742158,0.4449463,4390.533,63.9980469
2979.0,250.0,0.221840054,0.4446411,4392.0,63.9980469
2980.0,250.0,0.188035861,0.484313965,4393.467,63.9980469
2981.0,250.0,0.207050711,0.483398438,4395.067,63.9980469
2982.0,250.0,0.2274741,0.4534912,4396.533,63.9980469
2983.0,250.0,0.216206014,0.452575684,4398.0,63.9980469
2984.0,250.0,0.185218841,0.4736328,4399.467,63.9980469
2985.0,250.0,0.203529447,0.4537964,4400.933,63.9980469
2986.0,250.0,0.2274741,0.4360962,4402.4,63.9980469
2987.0,250.0,0.214797512,0.451965332,4404.0,63.9980469
2988.0,250.0,0.175359279,0.4736328,4405.467,63.9980469
2989.0,250.0,0.217614532,0.4473877,4406.933,63.9980469
2990.0,250.0,0.240854919,0.428161621,4408.4,63.9980469
2991.0,250.0,0.2042337,0.450439453,4409.8667,63.9980469
2992.0,250.0,0.2042337,0.460205078,4411.467,63.9980469
2993.0,250.0,0.238742158,0.438232422,4412.933,63.9980469
2994.0,250.0,0.2380379,0.446167,4414.4,63.9980469
2995.0,250.0,0.216910273,0.464172363,4415.8667,63.9980469
2996.0,250.0,0.2211358,0.4736328,4417.3335,63.9980469
2997.0,250.0,0.247897461,0.4385376,4418.8,63.9980469
2998.0,250.0,0.2211358,0.436401367,4420.4,63.9980469
2999.0,250.0,0.199303925,0.4711914,4421.8667,63.9980469
3000.0,250.0,0.2197273,0.4550171,4423.3335,63.9980469
3001.0,250.0,0.233812377,0.436706543,4424.8,63.9980469
3002.0,250.0,0.205642208,0.4510498,4426.2666,63.9980469
3003.0,250.0,0.1887401,0.4522705,4427.8667,63.9980469
3004.0,250.0,0.222544312,0.4385376,4429.3335,63.9980469
3005.0,250.0,0.209163487,0.4156494,4430.8,63.9980469
3006.0,250.0,0.180993319,0.4498291,4432.2666,63.9980469
3007.0,250.0,0.202825189,0.4537964,4433.7334,63.9980469
3008.0,250.0,0.225361317,0.437011719,4435.2,63.9980469
3009.0,250.0,0.208459228,0.4446411,4436.8,63.9980469
3010.0,250.0,0.200008169,0.473022461,4438.2666,63.9980469
3011.0,250.0,0.231699616,0.462646484,4439.7334,63.9980469
3012.0,250.0,0.2302911,0.451965332,4441.2,63.9980469
3013.0,250.0,0.203529447,0.485839844,4442.6665,63.9980469
3014.0,250.0,0.198599666,0.494689941,4444.1333,63.9980469
3015.0,250.0,0.2288826,0.455627441,4445.7334,63.9980469
3016.0,250.0,0.214797512,0.452880859,4447.2,63.9980469
3017.0,250.0,0.211980492,0.4711914,4448.6665,63.9980469
3018.0,250.0,0.21550177,0.473938,4450.1333,63.9980469
3019.0,250.0,0.205642208,0.4522705,4451.6,63.9980469
3020.0,250.0,0.207050711,0.4534912,4453.067,63.9980469
3021.0,250.0,0.21550177,0.474243164,4454.6665,63.9980469
3022.0,250.0,0.208459228,0.4534912,4456.1333,63.9980469
3023.0,250.0,0.199303925,0.437011719,4457.6,63.9980469
3024.0,250.0,0.211980492,0.4360962,4459.067,63.9980469
3025.0,250.0,0.206346467,0.445251465,4460.533,63.9980469
3026.0,250.0,0.200712427,0.451660156,4462.0,63.9980469
3027.0,250.0,0.214797512,0.437011719,4463.6,63.9980469
3028.0,250.0,0.211980492,0.4360962,4465.067,63.9980469
3029.0,250.0,0.197895408,0.4360962,4466.533,63.9980469
3030.0,250.0,0.210571989,0.425415039,4468.0,63.9980469
3031.0,250.0,0.211276248,0.4156494,4469.467,63.9980469
3032.0,250.0,0.201416686,0.436401367,4471.067,63.9980469
3033.0,250.0,0.201416686,0.4360962,4472.533,63.9980469
3034.0,250.0,0.213389009,0.415039063,4474.0,63.9980469
3035.0,250.0,0.200712427,0.426330566,4475.467,63.9980469
3036.0,250.0,0.200712427,0.437011719,4476.933,63.9980469
3037.0,250.0,0.200712427,0.4373169,4478.533,63.9980469
3038.0,250.0,0.211980492,0.433959961,4480.0,63.9980469
3039.0,250.0,0.207050711,0.450439453,4481.467,63.9980469
3040.0,250.0,0.193669885,0.4437256,4482.933,63.9980469
3041.0,250.0,0.2042337,0.4248047,4484.4,63.9980469
3042.0,250.0,0.200008169,0.436706543,4485.8667,63.9980469
3043.0,250.0,0.1887401,0.437011719,4487.467,63.9980469
3044.0,250.0,0.193669885,0.435791016,4488.933,63.9980469
3045.0,250.0,0.2042337,0.43548584,4490.4,63.9980469
3046.0,250.0,0.197191164,0.4522705,4491.8667,63.9980469
3047.0,250.0,0.192965642,0.4437256,4493.3335,63.9980469
3048.0,250.0,0.201416686,0.436401367,4494.8,63.9980469
3049.0,250.0,0.200008169,0.4144287,4496.4,63.9980469
3050.0,250.0,0.188035861,0.436401367,4497.8667,63.9980469
3051.0,250.0,0.190852866,0.436401367,4499.3335,63.9980469
3052.0,250.0,0.206346467,0.436401367,4500.8,63.9980469
3053.0,250.0,0.192261383,0.436401367,4502.2666,63.9980469
3054.0,250.0,0.2042337,0.436401367,4503.8667,63.9980469
3055.0,250.0,0.203529447,0.4248047,4505.3335,63.9980469
3056.0,250.0,0.2042337,0.426330566,4506.8,63.9980469
3057.0,250.0,0.197191164,0.4360962,4508.2666,63.9980469
3058.0,250.0,0.198599666,0.4360962,4509.7334,63.9980469
3059.0,250.0,0.192965642,0.435791016,4511.2,63.9980469
3060.0,250.0,0.189444363,0.4360962,4512.8,63.9980469
3061.0,250.0,0.205642208,0.4373169,4514.2666,63.9980469
3062.0,250.0,0.186627343,0.425415039,4515.7334,63.9980469
3063.0,250.0,0.190148622,0.435180664,4517.2,63.9980469
3064.0,250.0,0.1950784,0.437011719,4518.6665,63.9980469
3065.0,250.0,0.1950784,0.4360962,4520.1333,63.9980469
3066.0,250.0,0.178880557,0.4373169,4521.7334,63.9980469
3067.0,250.0,0.197191164,0.4360962,4523.2,63.9980469
3068.0,250.0,0.201416686,0.428771973,4524.6665,63.9980469
3069.0,250.0,0.175359279,0.436401367,4526.1333,63.9980469
3070.0,250.0,0.180993319,0.436401367,4527.6,63.9980469
3071.0,250.0,0.2042337,0.435791016,4529.2,63.9980469
3072.0,250.0,0.1887401,0.436401367,4530.6665,63.9980469
3073.0,250.0,0.18028906,0.436706543,4532.1333,63.9980469
3074.0,250.0,0.198599666,0.436401367,4533.6,63.9980469
3075.0,250.0,0.201416686,0.415039063,4535.067,63.9980469
3076.0,250.0,0.184514582,0.4119873,4536.533,63.9980469
3077.0,250.0,0.192965642,0.436706543,4538.1333,63.9980469
3078.0,250.0,0.197895408,0.43548584,4539.6,63.9980469
3079.0,250.0,0.209867731,0.4156494,4541.067,63.9980469
3080.0,250.0,0.198599666,0.415039063,4542.533,63.9980469
3081.0,250.0,0.17465502,0.436401367,4544.0,63.9980469
3082.0,250.0,0.205642208,0.416870117,4545.6,63.9980469
3083.0,250.0,0.203529447,0.4043579,4547.067,63.9980469
3084.0,250.0,0.160569951,0.426330566,4548.533,63.9980469
3085.0,250.0,0.164091215,0.436401367,4550.0,63.9980469
3086.0,250.0,0.216206014,0.3930664,4551.467,63.9980469
3087.0,250.0,0.197191164,0.4043579,4552.933,63.9980469
3088.0,250.0,0.164091215,0.4498291,4554.533,63.9980469
3089.0,250.0,0.190148622,0.425415039,4556.0,63.9980469
3090.0,250.0,0.200712427,0.415344238,4557.467,63.9980469
3091.0,250.0,0.184514582,0.435180664,4558.933,63.9980469
3092.0,250.0,0.175359279,0.451965332,4560.4,63.9980469
3093.0,250.0,0.197191164,0.425109863,4561.8667,63.9980469
3094.0,250.0,0.1859231,0.415344238,4563.467,63.9980469
3095.0,250.0,0.181697562,0.43548584,4564.933,63.9980469
3096.0,250.0,0.189444363,0.4360962,4566.4,63.9980469
3097.0,250.0,0.182401821,0.436401367,4567.8667,63.9980469
3098.0,250.0,0.189444363,0.436401367,4569.3335,63.9980469
3099.0,250.0,0.182401821,0.436401367,4570.8,63.9980469
3100.0,250.0,0.176063538,0.435791016,4572.4,63.9980469
3101.0,250.0,0.188035861,0.415039063,4573.8667,63.9980469
3102.0,250.0,0.1887401,0.4360962,4575.3335,63.9980469
3103.0,250.0,0.172542259,0.449523926,4576.8,63.9980469
3104.0,250.0,0.194374144,0.4385376,4578.2666,63.9980469
3105.0,250.0,0.205642208,0.415344238,4579.8667,63.9980469
3106.0,250.0,0.1781763,0.4360962,4581.3335,63.9980469
3107.0,250.0,0.1781763,0.4360962,4582.8,63.9980469
3108.0,250.0,0.209867731,0.415344238,4584.2666,63.9980469
3109.0,250.0,0.190148622,0.415039063,4585.7334,63.9980469
3110.0,250.0,0.191557124,0.435180664,4587.2,63.9980469
3111.0,250.0,0.208459228,0.437011719,4588.8,63.9980469
3112.0,250.0,0.202120945,0.4144287,4590.2666,63.9980469
3113.0,250.0,0.192261383,0.415039063,4591.7334,63.9980469
3114.0,250.0,0.191557124,0.43548584,4593.2,63.9980469
3115.0,250.0,0.186627343,0.415039063,4594.6665,63.9980469
3116.0,250.0,0.205642208,0.4144287,4596.1333,63.9980469
3117.0,250.0,0.191557124,0.4360962,4597.7334,63.9980469
3118.0,250.0,0.186627343,0.415344238,4599.2,63.9980469
3119.0,250.0,0.197191164,0.4147339,4600.6665,63.9980469
3120.0,250.0,0.192261383,0.433959961,4602.1333,63.9980469
3121.0,250.0,0.1873316,0.436401367,4603.6,63.9980469
3122.0,250.0,0.183810323,0.425109863,4605.2,63.9980469
3123.0,250.0,0.205642208,0.415039063,4606.6665,63.9980469
3124.0,250.0,0.191557124,0.435791016,4608.1333,63.9980469
3125.0,250.0,0.190148622,0.4360962,4609.6,63.9980469
3126.0,250.0,0.208459228,0.417480469,4611.067,63.9980469
3127.0,250.0,0.1964869,0.425109863,4612.533,63.9980469
3128.0,250.0,0.197895408,0.436401367,4614.1333,63.9980469
3129.0,250.0,0.203529447,0.436401367,4615.6,63.9980469
3130.0,250.0,0.200712427,0.445251465,4617.067,63.9980469
3131.0,250.0,0.208459228,0.4437256,4618.533,63.9980469
3132.0,250.0,0.2042337,0.43548584,4620.0,63.9980469
3133.0,250.0,0.199303925,0.436706543,4621.467,63.9980469
3134.0,250.0,0.1964869,0.45135498,4623.067,63.9980469
3135.0,250.0,0.207050711,0.45135498,4624.533,63.9980469
3136.0,250.0,0.198599666,0.451965332,4626.0,63.9980469
3137.0,250.0,0.192965642,0.452575684,4627.467,63.9980469
3138.0,250.0,0.198599666,0.452880859,4628.933,63.9980469
3139.0,250.0,0.199303925,0.436706543,4630.4,63.9980469
3140.0,250.0,0.195782647,0.4446411,4632.0,63.9980469
3141.0,250.0,0.198599666,0.451660156,4633.467,63.9980469
3142.0,250.0,0.2042337,0.453186035,4634.933,63.9980469
3143.0,250.0,0.203529447,0.444335938,4636.4,63.9980469
3144.0,250.0,0.198599666,0.451660156,4637.8667,63.9980469
3145.0,250.0,0.202825189,0.451660156,4639.3335,63.9980469
3146.0,250.0,0.2042337,0.437011719,4640.933,63.9980469
3147.0,250.0,0.205642208,0.437011719,4642.4,63.9980469
3148.0,250.0,0.189444363,0.45135498,4643.8667,63.9980469
3149.0,250.0,0.201416686,0.452880859,4645.3335,63.9980469
3150.0,250.0,0.208459228,0.436401367,4646.8,63.9980469
3151.0,250.0,0.1950784,0.433959961,4648.2666,63.9980469
3152.0,250.0,0.192261383,0.436401367,4649.8667,63.9980469
3153.0,250.0,0.214093253,0.417480469,4651.3335,63.9980469
3154.0,250.0,0.210571989,0.415039063,4652.8,63.9980469
3155.0,250.0,0.190148622,0.4498291,4654.2666,63.9980469
3156.0,250.0,0.190148622,0.4449463,4655.7334,63.9980469
3157.0,250.0,0.217614532,0.417785645,4657.3335,63.9980469
3158.0,250.0,0.1964869,0.4336548,4658.8,63.9980469
3159.0,250.0,0.159865692,0.451660156,4660.2666,63.9980469
3160.0,250.0,0.217614532,0.436706543,4661.7334,63.9980469
3161.0,250.0,0.207050711,0.4260254,4663.2,63.9980469
3162.0,250.0,0.17747204,0.4623413,4664.6665,63.9980469
3163.0,250.0,0.182401821,0.463256836,4666.2666,63.9980469
3164.0,250.0,0.201416686,0.4260254,4667.7334,63.9980469
3165.0,250.0,0.184514582,0.4333496,4669.2,63.9980469
3166.0,250.0,0.181697562,0.4522705,4670.6665,63.9980469
3167.0,250.0,0.176063538,0.4522705,4672.1333,63.9980469
3168.0,250.0,0.181697562,0.43762207,4673.6,63.9980469
3169.0,250.0,0.192965642,0.435180664,4675.2,63.9980469
3170.0,250.0,0.193669885,0.4522705,4676.6665,63.9980469
3171.0,250.0,0.1612742,0.452880859,4678.1333,63.9980469
3172.0,250.0,0.17465502,0.452880859,4679.6,63.9980469
3173.0,250.0,0.212684751,0.4360962,4681.067,63.9980469
3174.0,250.0,0.168316737,0.450744629,4682.533,63.9980469
3175.0,250.0,0.149301872,0.472106934,4684.1333,63.9980469
3176.0,250.0,0.211980492,0.438842773,4685.6,63.9980469
3177.0,250.0,0.200712427,0.415039063,4687.067,63.9980469
3178.0,250.0,0.146484867,0.4498291,4688.533,63.9980469
3179.0,250.0,0.205642208,0.451660156,4690.0,63.9980469
3180.0,250.0,0.209163487,0.437011719,4691.467,63.9980469
3181.0,250.0,0.159161434,0.450439453,4693.067,63.9980469
3182.0,250.0,0.200712427,0.451965332,4694.533,63.9980469
3183.0,250.0,0.20775497,0.4360962,4696.0,63.9980469
3184.0,250.0,0.1767678,0.435791016,4697.467,63.9980469
3185.0,250.0,0.1873316,0.436401367,4698.933,63.9980469
3186.0,250.0,0.201416686,0.436706543,4700.533,63.9980469
3187.0,250.0,0.1964869,0.429077148,4702.0,63.9980469
3188.0,250.0,0.20493795,0.435180664,4703.467,63.9980469
3189.0,250.0,0.190148622,0.444030762,4704.933,63.9980469
3190.0,250.0,0.199303925,0.444030762,4706.4,63.9980469
3191.0,250.0,0.198599666,0.425415039,4707.8667,63.9980469
3192.0,250.0,0.195782647,0.435791016,4709.467,63.9980469
3193.0,250.0,0.189444363,0.45135498,4710.933,63.9980469
3194.0,250.0,0.199303925,0.4522705,4712.4,63.9980469
3195.0,250.0,0.206346467,0.437927246,4713.8667,63.9980469
3196.0,250.0,0.1767678,0.445556641,4715.3335,63.9980469
3197.0,250.0,0.195782647,0.452575684,4716.8,63.9980469
3198.0,250.0,0.200712427,0.452575684,4718.4,63.9980469
3199.0,250.0,0.197191164,0.452575684,4719.8667,63.9980469
3200.0,250.0,0.202825189,0.473022461,4721.3335,63.9980469
3201.0,250.0,0.211980492,0.4751587,4722.8,63.9980469
3202.0,250.0,0.191557124,0.4547119,4724.2666,63.9980469
3203.0,250.0,0.198599666,0.47088623,4725.7334,63.9980469
3204.0,250.0,0.191557124,0.451660156,4727.3335,63.9980469
3205.0,250.0,0.202120945,0.4522705,4728.8,63.9980469
3206.0,250.0,0.205642208,0.4522705,4730.2666,63.9980469
3207.0,250.0,0.209163487,0.4711914,4731.7334,63.9980469
3208.0,250.0,0.205642208,0.473938,4733.2,63.9980469
3209.0,250.0,0.212684751,0.4522705,4734.6665,63.9980469
3210.0,250.0,0.214093253,0.444335938,4736.2666,63.9980469
3211.0,250.0,0.190852866,0.462646484,4737.7334,63.9980469
3212.0,250.0,0.211276248,0.4534912,4739.2,63.9980469
3213.0,250.0,0.214093253,0.437011719,4740.6665,63.9980469
3214.0,250.0,0.192965642,0.45135498,4742.1333,63.9980469
3215.0,250.0,0.164795473,0.444335938,4743.7334,63.9980469
3216.0,250.0,0.124652982,0.404968262,4745.2,63.9980469
3217.0,250.0,0.09225729,0.358886719,4746.6665,63.9980469
3218.0,250.0,0.052819062,0.334472656,4748.1333,63.9980469
3219.0,250.0,0.03450845,0.319213867,4749.7334,63.9980469
3220.0,250.0,0.0246488955,0.286254883,4751.2,63.9980469
3221.0,250.0,0.0169021,0.2593994,4752.6665,63.9980469
3222.0,250.0,0.005634033,0.2597046,4754.1333,63.9980469
3223.0,250.0,0.005634033,0.258789063,4755.7334,63.9980469
3224.0,250.0,0.0218318775,0.238037109,4757.2,63.9980469
3225.0,250.0,0.0281701647,0.26763916,4758.6665,63.9980469
3226.0,250.0,0.0176063534,0.285339355,4760.1333,63.9980469
3227.0,250.0,0.0380297229,0.276184082,4761.6,63.9980469
3228.0,250.0,0.04225525,0.2746582,4763.2,63.9980469
3229.0,250.0,0.02394464,0.2960205,4764.6665,63.9980469
3230.0,250.0,0.0140850823,0.2984619,4766.1333,63.9980469
3231.0,250.0,0.0316914357,0.274963379,4767.6,63.9980469
3232.0,250.0,0.0366212167,0.29296875,4769.067,63.9980469
3233.0,250.0,0.0126765743,0.306396484,4770.6665,63.9980469
3234.0,250.0,0.0225361325,0.296630859,4772.1333,63.9980469
3235.0,250.0,0.04436801,0.275268555,4773.6,63.9980469
3236.0,250.0,0.0295786746,0.295410156,4775.067,63.9980469
3237.0,250.0,0.009155304,0.2960205,4776.533,63.9980469
3238.0,250.0,0.0267616566,0.296325684,4778.1333,63.9980469
3239.0,250.0,0.04084674,0.296325684,4779.6,63.9980469
3240.0,250.0,0.0330999456,0.296630859,4781.067,63.9980469
3241.0,250.0,0.0225361325,0.317077637,4782.533,63.9980469
3242.0,250.0,0.02394464,0.2975464,4784.0,63.9980469
3243.0,250.0,0.0366212167,0.296630859,4785.6,63.9980469
3244.0,250.0,0.0302829277,0.2746582,4787.067,63.9980469
3245.0,250.0,0.0246488955,0.294494629,4788.533,63.9980469
3246.0,250.0,0.02042337,0.28503418,4790.0,63.9980469
3247.0,250.0,0.0387339778,0.2746582,4791.467,63.9980469
3248.0,250.0,0.0246488955,0.2746582,4793.067,63.9980469
3249.0,250.0,0.0197191164,0.286560059,4794.533,63.9980469
3250.0,250.0,0.03591696,0.2783203,4796.0,63.9980469
3251.0,250.0,0.0380297229,0.274963379,4797.467,63.9980469
3252.0,250.0,0.0274659116,0.275268555,4798.933,63.9980469
3253.0,250.0,0.0316914357,0.2746582,4800.4,63.9980469
3254.0,250.0,0.0401424877,0.2758789,4802.0,63.9980469
3255.0,250.0,0.0246488955,0.27557373,4803.467,63.9980469
3256.0,250.0,0.0211276244,0.2593994,4804.933,63.9980469
3257.0,250.0,0.0352127068,0.2746582,4806.4,63.9980469
3258.0,250.0,0.04225525,0.274963379,4807.8667,63.9980469
3259.0,250.0,0.0295786746,0.2746582,4809.467,63.9980469
3260.0,250.0,0.0260574035,0.274963379,4810.933,63.9980469
3261.0,250.0,0.0366212167,0.275268555,4812.4,63.9980469
3262.0,250.0,0.0380297229,0.2746582,4813.8667,63.9980469
3263.0,250.0,0.0140850823,0.2859497,4815.3335,63.9980469
3264.0,250.0,0.0281701647,0.2960205,4816.933,63.9980469
3265.0,250.0,0.04577652,0.284423828,4818.4,63.9980469
3266.0,250.0,0.0302829277,0.274353027,4819.8667,63.9980469
3267.0,250.0,0.02394464,0.296325684,4821.3335,63.9980469
3268.0,250.0,0.0302829277,0.296325684,4822.8,63.9980469
3269.0,250.0,0.0380297229,0.296630859,4824.2666,63.9980469
3270.0,250.0,0.02394464,0.295715332,4825.8667,63.9980469
3271.0,250.0,0.0267616566,0.3173828,4827.3335,63.9980469
3272.0,250.0,0.0246488955,0.299377441,4828.8,63.9980469
3273.0,250.0,0.0380297229,0.2746582,4830.2666,63.9980469
3274.0,250.0,0.0309871826,0.285644531,4831.7334,63.9980469
3275.0,250.0,0.0309871826,0.2960205,4833.2,63.9980469
3276.0,250.0,0.02042337,0.296630859,4834.8,63.9980469
3277.0,250.0,0.0330999456,0.2758789,4836.2666,63.9980469
3278.0,250.0,0.0302829277,0.274047852,4837.7334,63.9980469
3279.0,250.0,0.0281701647,0.295715332,4839.2,63.9980469
3280.0,250.0,0.03239569,0.296325684,4840.6665,63.9980469
3281.0,250.0,0.0352127068,0.296325684,4842.1333,63.9980469
3282.0,250.0,0.0260574035,0.295715332,4843.7334,63.9980469
3283.0,250.0,0.0154935913,0.295410156,4845.2,63.9980469
3284.0,250.0,0.03239569,0.27557373,4846.6665,63.9980469
3285.0,250.0,0.03239569,0.274047852,4848.1333,63.9980469
3286.0,250.0,0.0281701647,0.293884277,4849.6,63.9980469
3287.0,250.0,0.0309871826,0.2770996,4851.2,63.9980469
3288.0,250.0,0.03239569,0.273742676,4852.6665,63.9980469
3289.0,250.0,0.0260574035,0.286560059,4854.1333,63.9980469
3290.0,250.0,0.0246488955,0.296325684,4855.6,63.9980469
3291.0,250.0,0.03450845,0.278015137,4857.067,63.9980469
3292.0,250.0,0.03591696,0.274963379,4858.533,63.9980469
3293.0,250.0,0.0330999456,0.276184082,4860.1333,63.9980469
3294.0,250.0,0.03239569,0.275268555,4861.6,63.9980469
3295.0,250.0,0.02887442,0.26763916,4863.067,63.9980469
3296.0,250.0,0.0373254679,0.285339355,4864.533,63.9980469
3297.0,250.0,0.03450845,0.296630859,4866.0,63.9980469
3298.0,250.0,0.0352127068,0.275268555,4867.467,63.9980469
3299.0,250.0,0.0380297229,0.2923584,4869.067,63.9980469
3300.0,250.0,0.0246488955,0.296325684,4870.533,63.9980469
3301.0,250.0,0.0274659116,0.2960205,4872.0,63.9980469
3302.0,250.0,0.03239569,0.2835083,4873.467,63.9980469
3303.0,250.0,0.03591696,0.296936035,4874.933,63.9980469
3304.0,250.0,0.0281701647,0.296325684,4876.4,63.9980469
3305.0,250.0,0.0352127068,0.296630859,4878.0,63.9980469
3306.0,250.0,0.03591696,0.2972412,4879.467,63.9980469
3307.0,250.0,0.0295786746,0.295410156,4880.933,63.9980469
3308.0,250.0,0.0309871826,0.296325684,4882.4,63.9980469
3309.0,250.0,0.0246488955,0.296325684,4883.8667,63.9980469
3310.0,250.0,0.0309871826,0.295715332,4885.3335,63.9980469
3311.0,250.0,0.0330999456,0.296630859,4886.933,63.9980469
3312.0,250.0,0.03239569,0.29510498,4888.4,63.9980469
3313.0,250.0,0.0260574035,0.296630859,4889.8667,63.9980469
3314.0,250.0,0.0330999456,0.296325684,4891.3335,63.9980469
3315.0,250.0,0.0330999456,0.27557373,4892.8,63.9980469
3316.0,250.0,0.0302829277,0.274963379,4894.4,63.9980469
3317.0,250.0,0.0267616566,0.274047852,4895.8667,63.9980469
3318.0,250.0,0.0352127068,0.275268555,4897.3335,63.9980469
3319.0,250.0,0.0316914357,0.275268555,4898.8,63.9980469
3320.0,250.0,0.0302829277,0.27557373,4900.2666,63.9980469
3321.0,250.0,0.0295786746,0.275268555,4901.7334,63.9980469
3322.0,250.0,0.0330999456,0.274353027,4903.3335,63.9980469
3323.0,250.0,0.03450845,0.2746582,4904.8,63.9980469
3324.0,250.0,0.0380297229,0.2746582,4906.2666,63.9980469
3325.0,250.0,0.0218318775,0.293273926,4907.7334,63.9980469
3326.0,250.0,0.0302829277,0.278015137,4909.2,63.9980469
3327.0,250.0,0.02887442,0.2746582,4910.8,63.9980469
3328.0,250.0,0.0253531486,0.2935791,4912.2666,63.9980469
3329.0,250.0,0.0246488955,0.296325684,4913.7334,63.9980469
3330.0,250.0,0.03450845,0.295715332,4915.2,63.9980469
3331.0,250.0,0.0338042,0.295715332,4916.6665,63.9980469
3332.0,250.0,0.02394464,0.317077637,4918.1333,63.9980469
3333.0,250.0,0.03239569,0.296325684,4919.7334,63.9980469
3334.0,250.0,0.03239569,0.2960205,4921.2,63.9980469
3335.0,250.0,0.0302829277,0.3173828,4922.6665,63.9980469
3336.0,250.0,0.0330999456,0.3173828,4924.1333,63.9980469
3337.0,250.0,0.0394382328,0.2972412,4925.6,63.9980469
3338.0,250.0,0.0295786746,0.296325684,4927.067,63.9980469
3339.0,250.0,0.0253531486,0.3173828,4928.6665,63.9980469
3340.0,250.0,0.03591696,0.296936035,4930.1333,63.9980469
3341.0,250.0,0.0309871826,0.29510498,4931.6,63.9980469
3342.0,250.0,0.0295786746,0.317688,4933.067,63.9980469
3343.0,250.0,0.0338042,0.2975464,4934.533,63.9980469
3344.0,250.0,0.0302829277,0.2758789,4936.0,63.9980469
3345.0,250.0,0.02887442,0.295410156,4937.6,63.9980469
3346.0,250.0,0.02394464,0.2770996,4939.067,63.9980469
3347.0,250.0,0.02887442,0.275268555,4940.533,63.9980469
3348.0,250.0,0.0267616566,0.274963379,4942.0,63.9980469
3349.0,250.0,0.0338042,0.2758789,4943.467,63.9980469
3350.0,250.0,0.0190148614,0.2746582,4945.067,63.9980469
3351.0,250.0,0.0295786746,0.274963379,4946.533,63.9980469
3352.0,250.0,0.0338042,0.274963379,4948.0,63.9980469
3353.0,250.0,0.0267616566,0.2746582,4949.467,63.9980469
3354.0,250.0,0.0295786746,0.275268555,4950.933,63.9980469
3355.0,250.0,0.03591696,0.275268555,4952.4,63.9980469
3356.0,250.0,0.0281701647,0.2947998,4954.0,63.9980469
3357.0,250.0,0.0197191164,0.27557373,4955.467,63.9980469
3358.0,250.0,0.0253531486,0.275268555,4956.933,63.9980469
3359.0,250.0,0.0295786746,0.28503418,4958.4,63.9980469
3360.0,250.0,0.0232403874,0.2960205,4959.8667,63.9980469
3361.0,250.0,0.0190148614,0.2960205,4961.3335,63.9980469
3362.0,250.0,0.0295786746,0.296325684,4962.933,63.9980469
3363.0,250.0,0.0267616566,0.296630859,4964.4,63.9980469
3364.0,250.0,0.0232403874,0.2960205,4965.8667,63.9980469
3365.0,250.0,0.02042337,0.296630859,4967.3335,63.9980469
3366.0,250.0,0.0309871826,0.2960205,4968.8,63.9980469
3367.0,250.0,0.0274659116,0.295715332,4970.2666,63.9980469
3368.0,250.0,0.0253531486,0.296325684,4971.8667,63.9980469
3369.0,250.0,0.0373254679,0.295715332,4973.3335,63.9980469
3370.0,250.0,0.0401424877,0.296325684,4974.8,63.9980469
3371.0,250.0,0.0218318775,0.296325684,4976.2666,63.9980469
3372.0,250.0,0.0281701647,0.296325684,4977.7334,63.9980469
3373.0,250.0,0.04225525,0.277709961,4979.3335,63.9980469
3374.0,250.0,0.0394382328,0.274963379,4980.8,63.9980469
3375.0,250.0,0.0267616566,0.274353027,4982.2666,63.9980469
3376.0,250.0,0.0281701647,0.275268555,4983.7334,63.9980469
3377.0,250.0,0.0380297229,0.2758789,4985.2,63.9980469
3378.0,250.0,0.02394464,0.274047852,4986.6665,63.9980469
3379.0,250.0,0.0281701647,0.274963379,4988.2666,63.9980469
3380.0,250.0,0.0302829277,0.295715332,4989.7334,63.9980469
3381.0,250.0,0.0338042,0.285644531,4991.2,63.9980469
3382.0,250.0,0.0295786746,0.2758789,4992.6665,63.9980469
3383.0,250.0,0.0267616566,0.293273926,4994.1333,63.9980469
3384.0,250.0,0.02394464,0.296630859,4995.6,63.9980469
3385.0,250.0,0.0352127068,0.27557373,4997.2,63.9980469
3386.0,250.0,0.0302829277,0.2935791,4998.6665,63.9980469
3387.0,250.0,0.0211276244,0.296325684,5000.1333,63.9980469
3388.0,250.0,0.0246488955,0.295715332,5001.6,63.9980469
3389.0,250.0,0.02394464,0.276489258,5003.067,63.9980469
3390.0,250.0,0.02394464,0.274963379,5004.533,63.9980469
3391.0,250.0,0.0140850823,0.296325684,5006.1333,63.9980469
3392.0,250.0,0.0394382328,0.2972412,5007.6,63.9980469
3393.0,250.0,0.0302829277,0.28503418,5009.067,63.9980469
3394.0,250.0,0.0253531486,0.296630859,5010.533,63.9980469
3395.0,250.0,0.02042337,0.296325684,5012.0,63.9980469
3396.0,250.0,0.0309871826,0.296325684,5013.6,63.9980469
3397.0,250.0,0.02887442,0.296936035,5015.067,63.9980469
3398.0,250.0,0.0126765743,0.295410156,5016.533,63.9980469
3399.0,250.0,0.0260574035,0.2960205,5018.0,63.9980469
3400.0,250.0,0.0366212167,0.2960205,5019.467,63.9980469
3401.0,250.0,0.0232403874,0.296630859,5020.933,63.9980469
3402.0,250.0,0.0161978453,0.306396484,5022.533,63.9980469
3403.0,250.0,0.03239569,0.285644531,5024.0,63.9980469
3404.0,250.0,0.0309871826,0.27557373,5025.467,63.9980469
3405.0,250.0,0.0232403874,0.295715332,5026.933,63.9980469
3406.0,250.0,0.02887442,0.296630859,5028.4,63.9980469
3407.0,250.0,0.0373254679,0.27557373,5029.8667,63.9980469
3408.0,250.0,0.0183106083,0.275268555,5031.467,63.9980469
3409.0,250.0,0.02394464,0.296325684,5032.933,63.9980469
3410.0,250.0,0.03239569,0.277709961,5034.4,63.9980469
3411.0,250.0,0.0338042,0.27557373,5035.8667,63.9980469
3412.0,250.0,0.0267616566,0.293273926,5037.3335,63.9980469
3413.0,250.0,0.0260574035,0.278015137,5038.933,63.9980469
3414.0,250.0,0.0352127068,0.260620117,5040.4,63.9980469
3415.0,250.0,0.0232403874,0.2746582,5041.8667,63.9980469
3416.0,250.0,0.02887442,0.28503418,5043.3335,63.9980469
3417.0,250.0,0.0267616566,0.274353027,5044.8,63.9980469
3418.0,250.0,0.03239569,0.2746582,5046.2666,63.9980469
3419.0,250.0,0.0225361325,0.296936035,5047.8667,63.9980469
3420.0,250.0,0.0260574035,0.2960205,5049.3335,63.9980469
3421.0,250.0,0.03239569,0.296936035,5050.8,63.9980469
3422.0,250.0,0.0366212167,0.2960205,5052.2666,63.9980469
3423.0,250.0,0.0380297229,0.296630859,5053.7334,63.9980469
3424.0,250.0,0.0225361325,0.2960205,5055.2,63.9980469
3425.0,250.0,0.0267616566,0.296936035,5056.8,63.9980469
3426.0,250.0,0.0267616566,0.296936035,5058.2666,63.9980469
3427.0,250.0,0.0267616566,0.285339355,5059.7334,63.9980469
3428.0,250.0,0.0225361325,0.2935791,5061.2,63.9980469
3429.0,250.0,0.03591696,0.295715332,5062.6665,63.9980469
3430.0,250.0,0.0316914357,0.296325684,5064.1333,63.9980469
3431.0,250.0,0.0253531486,0.296630859,5065.7334,63.9980469
3432.0,250.0,0.0267616566,0.295410156,5067.2,63.9980469
3433.0,250.0,0.0253531486,0.2975464,5068.6665,63.9980469
3434.0,250.0,0.0260574035,0.296325684,5070.1333,63.9980469
3435.0,250.0,0.0225361325,0.296325684,5071.6,63.9980469
3436.0,250.0,0.0281701647,0.296936035,5073.067,63.9980469
3437.0,250.0,0.0338042,0.296325684,5074.6665,63.9980469
3438.0,250.0,0.0316914357,0.296630859,5076.1333,63.9980469
3439.0,250.0,0.0267616566,0.296630859,5077.6,63.9980469
3440.0,250.0,0.02394464,0.2960205,5079.067,63.9980469
3441.0,250.0,0.0366212167,0.2758789,5080.533,63.9980469
3442.0,250.0,0.02394464,0.274963379,5082.1333,63.9980469
3443.0,250.0,0.0302829277,0.27557373,5083.6,63.9980469
3444.0,250.0,0.0338042,0.2746582,5085.067,63.9980469
3445.0,250.0,0.02887442,0.274353027,5086.533,63.9980469
3446.0,250.0,0.0316914357,0.275268555,5088.0,63.9980469
3447.0,250.0,0.0373254679,0.274963379,5089.467,63.9980469
3448.0,250.0,0.0295786746,0.274047852,5091.067,63.9980469
3449.0,250.0,0.0197191164,0.267333984,5092.533,63.9980469
3450.0,250.0,0.0281701647,0.2746582,5094.0,63.9980469
3451.0,250.0,0.0330999456,0.274353027,5095.467,63.9980469
3452.0,250.0,0.0246488955,0.274353027,5096.933,63.9980469
3453.0,250.0,0.0316914357,0.275268555,5098.533,63.9980469
3454.0,250.0,0.0309871826,0.2746582,5100.0,63.9980469
3455.0,250.0,0.0352127068,0.275268555,5101.467,63.9980469
3456.0,250.0,0.02394464,0.275268555,5102.933,63.9980469
3457.0,250.0,0.0309871826,0.29296875,5104.4,63.9980469
3458.0,250.0,0.0338042,0.2975464,5105.8667,63.9980469
3459.0,250.0,0.0302829277,0.296325684,5107.467,63.9980469
3460.0,250.0,0.0309871826,0.296630859,5108.933,63.9980469
3461.0,250.0,0.0316914357,0.317077637,5110.4,63.9980469
3462.0,250.0,0.0352127068,0.3076172,5111.8667,63.9980469
3463.0,250.0,0.0330999456,0.296325684,5113.3335,63.9980469
3464.0,250.0,0.0225361325,0.2972412,5114.8,63.9980469
3465.0,250.0,0.0169021,0.2972412,5116.4,63.9980469
3466.0,250.0,0.0330999456,0.277709961,5117.8667,63.9980469
3467.0,250.0,0.0338042,0.285339355,5119.3335,63.9980469
3468.0,250.0,0.0246488955,0.2960205,5120.8,63.9980469
3469.0,250.0,0.02394464,0.296936035,5122.2666,63.9980469
3470.0,250.0,0.03591696,0.295715332,5123.7334,63.9980469
3471.0,250.0,0.0281701647,0.296325684,5125.3335,63.9980469
3472.0,250.0,0.0281701647,0.296325684,5126.8,63.9980469
3473.0,250.0,0.03450845,0.278015137,5128.2666,63.9980469
3474.0,250.0,0.0380297229,0.274963379,5129.7334,63.9980469
3475.0,250.0,0.0267616566,0.27557373,5131.2,63.9980469
3476.0,250.0,0.0260574035,0.293273926,5132.8,63.9980469
3477.0,250.0,0.04225525,0.27557373,5134.2666,63.9980469
3478.0,250.0,0.0274659116,0.27557373,5135.7334,63.9980469
3479.0,250.0,0.0176063534,0.295410156,5137.2,63.9980469
3480.0,250.0,0.03239569,0.2786255,5138.6665,63.9980469
3481.0,250.0,0.045072265,0.261535645,5140.1333,63.9980469
3482.0,250.0,0.0309871826,0.2859497,5141.7334,63.9980469
3483.0,250.0,0.0267616566,0.2972412,5143.2,63.9980469
3484.0,250.0,0.03591696,0.27557373,5144.6665,63.9980469
3485.0,250.0,0.0352127068,0.274963379,5146.1333,63.9980469
3486.0,250.0,0.006338287,0.29296875,5147.6,63.9980469
3487.0,250.0,0.0232403874,0.2972412,5149.067,63.9980469
3488.0,250.0,0.0394382328,0.274963379,5150.6665,63.9980469
3489.0,250.0,0.0281701647,0.2935791,5152.1333,63.9980469
3490.0,250.0,0.009859558,0.317077637,5153.6,63.9980469
3491.0,250.0,0.0338042,0.298156738,5155.067,63.9980469
3492.0,250.0,0.0429595038,0.296936035,5156.533,63.9980469
3493.0,250.0,0.0154935913,0.296630859,5158.0,63.9980469
3494.0,250.0,0.007042541,0.299377441,5159.6,63.9980469
3495.0,250.0,0.0380297229,0.276184082,5161.067,63.9980469
3496.0,250.0,0.0373254679,0.29510498,5162.533,63.9980469
3497.0,250.0,0.0140850823,0.317077637,5164.0,63.9980469
3498.0,250.0,0.0246488955,0.307922363,5165.467,63.9980469
3499.0,250.0,0.04084674,0.296325684,5166.933,63.9980469
3500.0,250.0,0.0316914357,0.2960205,5168.533,63.9980469
3501.0,250.0,0.009155304,0.31463623,5170.0,63.9980469
3502.0,250.0,0.0281701647,0.296936035,5171.467,63.9980469
3503.0,250.0,0.04225525,0.2960205,5172.933,63.9980469
3504.0,250.0,0.0330999456,0.296630859,5174.4,63.9980469
3505.0,250.0,0.0232403874,0.295715332,5176.0,63.9980469
3506.0,250.0,0.0260574035,0.2960205,5177.467,63.9980469
3507.0,250.0,0.0387339778,0.277709961,5178.933,63.9980469
3508.0,250.0,0.02394464,0.275268555,5180.4,63.9980469
3509.0,250.0,0.0274659116,0.285339355,5181.8667,63.9980469
3510.0,250.0,0.0366212167,0.296630859,5183.3335,63.9980469
3511.0,250.0,0.03239569,0.2783203,5184.933,63.9980469
3512.0,250.0,0.0309871826,0.276184082,5186.4,63.9980469
3513.0,250.0,0.0281701647,0.274353027,5187.8667,63.9980469
3514.0,250.0,0.0302829277,0.275268555,5189.3335,63.9980469
3515.0,250.0,0.0232403874,0.275268555,5190.8,63.9980469
3516.0,250.0,0.0309871826,0.274963379,5192.4,63.9980469
3517.0,250.0,0.03591696,0.267333984,5193.8667,63.9980469
3518.0,250.0,0.0211276244,0.2746582,5195.3335,63.9980469
3519.0,250.0,0.03239569,0.295715332,5196.8,63.9980469
3520.0,250.0,0.0330999456,0.295715332,5198.2666,63.9980469
3521.0,250.0,0.0267616566,0.296936035,5199.7334,63.9980469
3522.0,250.0,0.03239569,0.296630859,5201.3335,63.9980469
3523.0,250.0,0.0267616566,0.296325684,5202.8,63.9980469
3524.0,250.0,0.0232403874,0.29510498,5204.2666,63.9980469
3525.0,250.0,0.02887442,0.2960205,5205.7334,63.9980469
3526.0,250.0,0.0295786746,0.2960205,5207.2,63.9980469
3527.0,250.0,0.0281701647,0.296936035,5208.6665,63.9980469
3528.0,250.0,0.0260574035,0.296325684,5210.2666,63.9980469
3529.0,250.0,0.0309871826,0.317688,5211.7334,63.9980469
3530.0,250.0,0.0309871826,0.296325684,5213.2,63.9980469
3531.0,250.0,0.0366212167,0.296325684,5214.6665,63.9980469
3532.0,250.0,0.02042337,0.2960205,5216.1333,63.9980469
3533.0,250.0,0.0309871826,0.286254883,5217.6,63.9980469
3534.0,250.0,0.0366212167,0.274963379,5219.2,63.9980469
3535.0,250.0,0.0380297229,0.293884277,5220.6665,63.9980469
3536.0,250.0,0.0267616566,0.296325684,5222.1333,63.9980469
3537.0,250.0,0.0366212167,0.274963379,5223.6,63.9980469
3538.0,250.0,0.0302829277,0.2746582,5225.067,63.9980469
3539.0,250.0,0.0246488955,0.275268555,5226.533,63.9980469
3540.0,250.0,0.0316914357,0.274353027,5228.1333,63.9980469
3541.0,250.0,0.03591696,0.275268555,5229.6,63.9980469
3542.0,250.0,0.0295786746,0.28503418,5231.067,63.9980469
3543.0,250.0,0.0232403874,0.275268555,5232.533,63.9980469
3544.0,250.0,0.0366212167,0.2746582,5234.0,63.9980469
3545.0,250.0,0.0295786746,0.2746582,5235.6,63.9980469
3546.0,250.0,0.0267616566,0.274963379,5237.067,63.9980469
3547.0,250.0,0.0281701647,0.275268555,5238.533,63.9980469
3548.0,250.0,0.02887442,0.274353027,5240.0,63.9980469
3549.0,250.0,0.0352127068,0.2746582,5241.467,63.9980469
3550.0,250.0,0.0281701647,0.2758789,5242.933,63.9980469
3551.0,250.0,0.0267616566,0.296630859,5244.533,63.9980469
3552.0,250.0,0.0338042,0.293884277,5246.0,63.9980469
3553.0,250.0,0.03591696,0.2774048,5247.467,63.9980469
3554.0,250.0,0.0232403874,0.2746582,5248.933,63.9980469
3555.0,250.0,0.0246488955,0.274353027,5250.4,63.9980469
3556.0,250.0,0.0394382328,0.274963379,5251.8667,63.9980469
3557.0,250.0,0.0281701647,0.274353027,5253.467,63.9980469
3558.0,250.0,0.02887442,0.296630859,5254.933,63.9980469
3559.0,250.0,0.0436637551,0.274047852,5256.4,63.9980469
3560.0,250.0,0.0330999456,0.2960205,5257.8667,63.9980469
3561.0,250.0,0.0330999456,0.296630859,5259.3335,63.9980469
3562.0,250.0,0.0366212167,0.2746582,5260.933,63.9980469
3563.0,250.0,0.04436801,0.2758789,5262.4,63.9980469
3564.0,250.0,0.02887442,0.2746582,5263.8667,63.9980469
3565.0,250.0,0.02887442,0.27557373,5265.3335,63.9980469
3566.0,250.0,0.03450845,0.27557373,5266.8,63.9980469
3567.0,250.0,0.0295786746,0.274963379,5268.2666,63.9980469
3568.0,250.0,0.0253531486,0.275268555,5269.8667,63.9980469
3569.0,250.0,0.0246488955,0.2746582,5271.3335,63.9980469
3570.0,250.0,0.0352127068,0.276184082,5272.8,63.9980469
3571.0,250.0,0.02887442,0.284423828,5274.2666,63.9980469
3572.0,250.0,0.0387339778,0.275268555,5275.7334,63.9980469
3573.0,250.0,0.02394464,0.284729,5277.2,63.9980469
3574.0,250.0,0.04084674,0.2960205,5278.8,63.9980469
3575.0,250.0,0.0380297229,0.274963379,5280.2666,63.9980469
3576.0,250.0,0.0338042,0.28503418,5281.7334,63.9980469
3577.0,250.0,0.0302829277,0.296325684,5283.2,63.9980469
3578.0,250.0,0.03450845,0.2774048,5284.6665,63.9980469
3579.0,250.0,0.0274659116,0.274963379,5286.2666,63.9980469
3580.0,250.0,0.02394464,0.295715332,5287.7334,63.9980469
3581.0,250.0,0.0281701647,0.295410156,5289.2,63.9980469
3582.0,250.0,0.0394382328,0.296630859,5290.6665,63.9980469
3583.0,250.0,0.0253531486,0.2770996,5292.1333,63.9980469
3584.0,250.0,0.0267616566,0.292663574,5293.6,63.9980469
3585.0,250.0,0.0302829277,0.296630859,5295.2,63.9980469
3586.0,250.0,0.03450845,0.296630859,5296.6665,63.9980469
3587.0,250.0,0.02887442,0.296630859,5298.1333,63.9980469
3588.0,250.0,0.0232403874,0.2960205,5299.6,63.9980469
3589.0,250.0,0.03450845,0.295715332,5301.067,63.9980469
3590.0,250.0,0.0338042,0.2960205,5302.533,63.9980469
3591.0,250.0,0.0295786746,0.295715332,5304.1333,63.9980469
3592.0,250.0,0.03450845,0.296630859,5305.6,63.9980469
3593.0,250.0,0.0380297229,0.2774048,5307.067,63.9980469
3594.0,250.0,0.0274659116,0.274963379,5308.533,63.9980469
3595.0,250.0,0.0338042,0.274963379,5310.0,63.9980469
3596.0,250.0,0.0394382328,0.274963379,5311.467,63.9980469
3597.0,250.0,0.0316914357,0.274963379,5313.067,63.9980469
3598.0,250.0,0.0225361325,0.274047852,5314.533,63.9980469
3599.0,250.0,0.0302829277,0.2746582,5316.0,63.9980469
3600.0,250.0,0.0366212167,0.27557373,5317.467,63.9980469
3601.0,250.0,0.0232403874,0.2746582,5318.933,63.9980469
3602.0,250.0,0.0281701647,0.293884277,5320.533,63.9980469
3603.0,250.0,0.0387339778,0.2758789,5322.0,63.9980469
3604.0,250.0,0.0309871826,0.274047852,5323.467,63.9980469
3605.0,250.0,0.0225361325,0.284729,5324.933,63.9980469
3606.0,250.0,0.0302829277,0.296630859,5326.4,63.9980469
3607.0,250.0,0.0267616566,0.2758789,5327.8667,63.9980469
3608.0,250.0,0.0302829277,0.274353027,5329.467,63.9980469
3609.0,250.0,0.0366212167,0.295410156,5330.933,63.9980469
3610.0,250.0,0.0211276244,0.2770996,5332.4,63.9980469
3611.0,250.0,0.02887442,0.275268555,5333.8667,63.9980469
3612.0,250.0,0.0260574035,0.274047852,5335.3335,63.9980469
3613.0,250.0,0.0218318775,0.2746582,5336.8,63.9980469
3614.0,250.0,0.0197191164,0.274963379,5338.4,63.9980469
3615.0,250.0,0.0366212167,0.274963379,5339.8667,63.9980469
3616.0,250.0,0.03450845,0.2960205,5341.3335,63.9980469
3617.0,250.0,0.0232403874,0.2859497,5342.8,63.9980469
3618.0,250.0,0.0246488955,0.284423828,5344.2666,63.9980469
3619.0,250.0,0.0302829277,0.295715332,5345.7334,63.9980469
3620.0,250.0,0.0267616566,0.296630859,5347.3335,63.9980469
3621.0,250.0,0.0218318775,0.2960205,5348.8,63.9980469
3622.0,250.0,0.0246488955,0.296325684,5350.2666,63.9980469
3623.0,250.0,0.03450845,0.2960205,5351.7334,63.9980469
3624.0,250.0,0.0316914357,0.296630859,5353.2,63.9980469
3625.0,250.0,0.0211276244,0.2972412,5354.8,63.9980469
3626.0,250.0,0.0302829277,0.296936035,5356.2666,63.9980469
3627.0,250.0,0.0373254679,0.2859497,5357.7334,63.9980469
3628.0,250.0,0.0225361325,0.274963379,5359.2,63.9980469
3629.0,250.0,0.02394464,0.2960205,5360.6665,63.9980469
3630.0,250.0,0.0352127068,0.296936035,5362.1333,63.9980469
3631.0,250.0,0.03450845,0.296630859,5363.7334,63.9980469
3632.0,250.0,0.0225361325,0.296325684,5365.2,63.9980469
3633.0,250.0,0.02887442,0.286560059,5366.6665,63.9980469
3634.0,250.0,0.0338042,0.2746582,5368.1333,63.9980469
3635.0,250.0,0.0302829277,0.275268555,5369.6,63.9980469
3636.0,250.0,0.0197191164,0.2758789,5371.067,63.9980469
3637.0,250.0,0.0281701647,0.2746582,5372.6665,63.9980469
3638.0,250.0,0.0295786746,0.275268555,5374.1333,63.9980469
3639.0,250.0,0.0338042,0.275268555,5375.6,63.9980469
3640.0,250.0,0.0154935913,0.28503418,5377.067,63.9980469
3641.0,250.0,0.0394382328,0.286865234,5378.533,63.9980469
3642.0,250.0,0.0260574035,0.274047852,5380.1333,63.9980469
3643.0,250.0,0.0225361325,0.274963379,5381.6,63.9980469
3644.0,250.0,0.0211276244,0.285339355,5383.067,63.9980469
3645.0,250.0,0.0330999456,0.286560059,5384.533,63.9980469
3646.0,250.0,0.0316914357,0.275268555,5386.0,63.9980469
3647.0,250.0,0.0232403874,0.295410156,5387.467,63.9980469
3648.0,250.0,0.0197191164,0.296936035,5389.067,63.9980469
3649.0,250.0,0.02887442,0.2972412,5390.533,63.9980469
3650.0,250.0,0.0147893373,0.293884277,5392.0,63.9980469
3651.0,250.0,0.0218318775,0.315551758,5393.467,63.9980469
3652.0,250.0,0.0309871826,0.307922363,5394.933,63.9980469
3653.0,250.0,0.0373254679,0.296325684,5396.4,63.9980469
3654.0,250.0,0.02042337,0.306396484,5398.0,63.9980469
3655.0,250.0,0.0183106083,0.316772461,5399.467,63.9980469
3656.0,250.0,0.0295786746,0.296630859,5400.933,63.9980469
3657.0,250.0,0.0267616566,0.295715332,5402.4,63.9980469
3658.0,250.0,0.0197191164,0.296630859,5403.8667,63.9980469
3659.0,250.0,0.0267616566,0.295715332,5405.3335,63.9980469
3660.0,250.0,0.0316914357,0.295715332,5406.933,63.9980469
3661.0,250.0,0.0260574035,0.296630859,5408.4,63.9980469
3662.0,250.0,0.0140850823,0.3173828,5409.8667,63.9980469
3663.0,250.0,0.0352127068,0.296936035,5411.3335,63.9980469
3664.0,250.0,0.03591696,0.2758789,5412.8,63.9980469
3665.0,250.0,0.0260574035,0.295715332,5414.2666,63.9980469
3666.0,250.0,0.0260574035,0.295715332,5415.8667,63.9980469
3667.0,250.0,0.0366212167,0.296325684,5417.3335,63.9980469
3668.0,250.0,0.0309871826,0.27557373,5418.8,63.9980469
3669.0,250.0,0.0316914357,0.296630859,5420.2666,63.9980469
3670.0,250.0,0.0316914357,0.295715332,5421.7334,63.9980469
3671.0,250.0,0.0387339778,0.296936035,5423.2,63.9980469
3672.0,250.0,0.0197191164,0.296630859,5424.8,63.9980469
3673.0,250.0,0.03239569,0.2975464,5426.2666,63.9980469
3674.0,250.0,0.03450845,0.274963379,5427.7334,63.9980469
3675.0,250.0,0.0281701647,0.2746582,5429.2,63.9980469
3676.0,250.0,0.0281701647,0.295715332,5430.6665,63.9980469
3677.0,250.0,0.02394464,0.286254883,5432.2666,63.9980469
3678.0,250.0,0.0246488955,0.2746582,5433.7334,63.9980469
3679.0,250.0,0.0218318775,0.292663574,5435.2,63.9980469
3680.0,250.0,0.0281701647,0.295715332,5436.6665,63.9980469
3681.0,250.0,0.0295786746,0.2972412,5438.1333,63.9980469
3682.0,250.0,0.0225361325,0.2960205,5439.6,63.9980469
3683.0,250.0,0.0176063534,0.3173828,5441.2,63.9980469
3684.0,250.0,0.0302829277,0.2987671,5442.6665,63.9980469
3685.0,250.0,0.0260574035,0.276489258,5444.1333,63.9980469
3686.0,250.0,0.0253531486,0.305480957,5445.6,63.9980469
3687.0,250.0,0.0274659116,0.3173828,5447.067,63.9980469
3688.0,250.0,0.0253531486,0.296325684,5448.533,63.9980469
3689.0,250.0,0.0316914357,0.2960205,5450.1333,63.9980469
3690.0,250.0,0.0260574035,0.316772461,5451.6,63.9980469
3691.0,250.0,0.0246488955,0.317688,5453.067,63.9980469
3692.0,250.0,0.0295786746,0.2960205,5454.533,63.9980469
3693.0,250.0,0.0352127068,0.2960205,5456.0,63.9980469
3694.0,250.0,0.0267616566,0.295715332,5457.467,63.9980469
3695.0,250.0,0.02887442,0.296325684,5459.067,63.9980469
3696.0,250.0,0.0366212167,0.2960205,5460.533,63.9980469
3697.0,250.0,0.03239569,0.296630859,5462.0,63.9980469
3698.0,250.0,0.0232403874,0.278015137,5463.467,63.9980469
3699.0,250.0,0.0295786746,0.284729,5464.933,63.9980469
3700.0,250.0,0.0366212167,0.296630859,5466.533,63.9980469
3701.0,250.0,0.0309871826,0.277709961,5468.0,63.9980469
3702.0,250.0,0.0246488955,0.296325684,5469.467,63.9980469
3703.0,250.0,0.0281701647,0.27557373,5470.933,63.9980469
3704.0,250.0,0.0352127068,0.274353027,5472.4,63.9980469
3705.0,250.0,0.0246488955,0.27557373,5473.8667,63.9980469
3706.0,250.0,0.0211276244,0.2746582,5475.467,63.9980469
3707.0,250.0,0.0316914357,0.275268555,5476.933,63.9980469
3708.0,250.0,0.0302829277,0.28503418,5478.4,63.9980469
3709.0,250.0,0.0126765743,0.29510498,5479.8667,63.9980469
3710.0,250.0,0.0281701647,0.296630859,5481.3335,63.9980469
3711.0,250.0,0.0366212167,0.27557373,5482.933,63.9980469
3712.0,250.0,0.0260574035,0.294494629,5484.4,63.9980469
3713.0,250.0,0.009155304,0.296936035,5485.8667,63.9980469
3714.0,250.0,0.03239569,0.295410156,5487.3335,63.9980469
3715.0,250.0,0.04084674,0.296325684,5488.8,63.9980469
3716.0,250.0,0.0197191164,0.296325684,5490.2666,63.9980469
3717.0,250.0,0.0126765743,0.296325684,5491.8667,63.9980469
3718.0,250.0,0.03450845,0.296630859,5493.3335,63.9980469
3719.0,250.0,0.0338042,0.296325684,5494.8,63.9980469
3720.0,250.0,0.0183106083,0.2960205,5496.2666,63.9980469
3721.0,250.0,0.0253531486,0.3164673,5497.7334,63.9980469
3722.0,250.0,0.0387339778,0.317993164,5499.2,63.9980469
3723.0,250.0,0.03239569,0.296325684,5500.8,63.9980469
3724.0,250.0,0.0197191164,0.296325684,5502.2666,63.9980469
3725.0,250.0,0.02042337,0.317077637,5503.7334,63.9980469
3726.0,250.0,0.03450845,0.2987671,5505.2,63.9980469
3727.0,250.0,0.0316914357,0.2786255,5506.6665,63.9980469
3728.0,250.0,0.02042337,0.2947998,5508.1333,63.9980469
3729.0,250.0,0.0140850823,0.2960205,5509.7334,63.9980469
3730.0,250.0,0.0387339778,0.278930664,5511.2,63.9980469
3731.0,250.0,0.03450845,0.274963379,5512.6665,63.9980469
3732.0,250.0,0.02394464,0.295715332,5514.1333,63.9980469
3733.0,250.0,0.0281701647,0.286865234,5515.6,63.9980469
3734.0,250.0,0.03591696,0.2746582,5517.2,63.9980469
3735.0,250.0,0.02887442,0.2746582,5518.6665,63.9980469
3736.0,250.0,0.0267616566,0.274963379,5520.1333,63.9980469
3737.0,250.0,0.0380297229,0.2758789,5521.6,63.9980469
3738.0,250.0,0.0338042,0.275268555,5523.067,63.9980469
3739.0,250.0,0.0211276244,0.274963379,5524.533,63.9980469
3740.0,250.0,0.0295786746,0.2746582,5526.1333,63.9980469
3741.0,250.0,0.04084674,0.274353027,5527.6,63.9980469
3742.0,250.0,0.03450845,0.2758789,5529.067,63.9980469
3743.0,250.0,0.02394464,0.2859497,5530.533,63.9980469
3744.0,250.0,0.0352127068,0.2774048,5532.0,63.9980469
3745.0,250.0,0.0401424877,0.275268555,5533.467,63.9980469
3746.0,250.0,0.0190148614,0.292663574,5535.067,63.9980469
3747.0,250.0,0.0190148614,0.296325684,5536.533,63.9980469
3748.0,250.0,0.0415509939,0.2859497,5538.0,63.9980469
3749.0,250.0,0.0387339778,0.294189453,5539.467,63.9980469
3750.0,250.0,0.0218318775,0.316772461,5540.933,63.9980469
3751.0,250.0,0.0232403874,0.3173828,5542.4,63.9980469
3752.0,250.0,0.0380297229,0.296325684,5544.0,63.9980469
3753.0,250.0,0.0176063534,0.295410156,5545.467,63.9980469
3754.0,250.0,0.0161978453,0.317688,5546.933,63.9980469
3755.0,250.0,0.0316914357,0.297851563,5548.4,63.9980469
3756.0,250.0,0.0387339778,0.2960205,5549.8667,63.9980469
3757.0,250.0,0.0309871826,0.296936035,5551.3335,63.9980469
3758.0,250.0,0.03239569,0.297851563,5552.933,63.9980469
3759.0,250.0,0.0133808283,0.2972412,5554.4,63.9980469
3760.0,250.0,0.0295786746,0.296630859,5555.8667,63.9980469
3761.0,250.0,0.03239569,0.2960205,5557.3335,63.9980469
3762.0,250.0,0.0295786746,0.275268555,5558.8,63.9980469
3763.0,250.0,0.0295786746,0.286254883,5560.4,63.9980469
3764.0,250.0,0.0366212167,0.296630859,5561.8667,63.9980469
3765.0,250.0,0.0274659116,0.2746582,5563.3335,63.9980469
3766.0,250.0,0.0154935913,0.2746582,5564.8,63.9980469
3767.0,250.0,0.0330999456,0.295715332,5566.2666,63.9980469
3768.0,250.0,0.03591696,0.27557373,5567.7334,63.9980469
3769.0,250.0,0.02887442,0.2746582,5569.3335,63.9980469
3770.0,250.0,0.0274659116,0.295715332,5570.8,63.9980469
3771.0,250.0,0.0380297229,0.2871704,5572.2666,63.9980469
3772.0,250.0,0.0330999456,0.273742676,5573.7334,63.9980469
3773.0,250.0,0.02887442,0.294189453,5575.2,63.9980469
3774.0,250.0,0.03591696,0.2758789,5576.8,63.9980469
3775.0,250.0,0.0373254679,0.274353027,5578.2666,63.9980469
3776.0,250.0,0.0394382328,0.274963379,5579.7334,63.9980469
3777.0,250.0,0.0401424877,0.284118652,5581.2,63.9980469
3778.0,250.0,0.0394382328,0.296325684,5582.6665,63.9980469
3779.0,250.0,0.0380297229,0.27557373,5584.1333,63.9980469
3780.0,250.0,0.0281701647,0.293273926,5585.7334,63.9980469
3781.0,250.0,0.0302829277,0.2975464,5587.2,63.9980469
3782.0,250.0,0.0373254679,0.286865234,5588.6665,63.9980469
3783.0,250.0,0.0295786746,0.277709961,5590.1333,63.9980469
3784.0,250.0,0.02394464,0.2923584,5591.6,63.9980469
3785.0,250.0,0.03239569,0.296630859,5593.067,63.9980469
3786.0,250.0,0.03591696,0.296325684,5594.6665,63.9980469
3787.0,250.0,0.0295786746,0.295715332,5596.1333,63.9980469
3788.0,250.0,0.03239569,0.2960205,5597.6,63.9980469
3789.0,250.0,0.0352127068,0.296630859,5599.067,63.9980469
3790.0,250.0,0.0295786746,0.296325684,5600.533,63.9980469
3791.0,250.0,0.0281701647,0.296325684,5602.0,63.9980469
3792.0,250.0,0.0246488955,0.2960205,5603.6,63.9980469
3793.0,250.0,0.0253531486,0.296325684,5605.067,63.9980469
3794.0,250.0,0.0352127068,0.274963379,5606.533,63.9980469
3795.0,250.0,0.0380297229,0.293273926,5608.0,63.9980469
3796.0,250.0,0.0281701647,0.296630859,5609.467,63.9980469
3797.0,250.0,0.0260574035,0.278015137,5611.067,63.9980469
3798.0,250.0,0.02887442,0.274963379,5612.533,63.9980469
3799.0,250.0,0.0274659116,0.29296875,5614.0,63.9980469
3800.0,250.0,0.0295786746,0.2786255,5615.467,63.9980469
3801.0,250.0,0.03450845,0.274963379,5616.933,63.9980469
3802.0,250.0,0.03591696,0.2746582,5618.4,63.9980469
3803.0,250.0,0.0330999456,0.274963379,5620.0,63.9980469
3804.0,250.0,0.03239569,0.274963379,5621.467,63.9980469
3805.0,250.0,0.03239569,0.274353027,5622.933,63.9980469
3806.0,250.0,0.0316914357,0.27557373,5624.4,63.9980469
3807.0,250.0,0.0373254679,0.261230469,5625.8667,63.9980469
3808.0,250.0,0.0246488955,0.272827148,5627.3335,63.9980469
3809.0,250.0,0.0309871826,0.292663574,5628.933,63.9980469
3810.0,250.0,0.0302829277,0.296936035,5630.4,63.9980469
3811.0,250.0,0.0302829277,0.2758789,5631.8667,63.9980469
3812.0,250.0,0.02394464,0.293273926,5633.3335,63.9980469
3813.0,250.0,0.0338042,0.296936035,5634.8,63.9980469
3814.0,250.0,0.0415509939,0.276184082,5636.2666,63.9980469
3815.0,250.0,0.0521148071,0.296325684,5637.8667,63.9980469
3816.0,250.0,0.05774884,0.314025879,5639.3335,63.9980469
3817.0,250.0,0.0549318232,0.318603516,5640.8,63.9980469
3818.0,250.0,0.02394464,0.3326416,5642.2666,63.9980469
3819.0,250.0,0.0211276244,0.319213867,5643.7334,63.9980469
3820.0,250.0,0.0232403874,0.296325684,5645.2,63.9980469
3821.0,250.0,0.0260574035,0.2746582,5646.8,63.9980469
3822.0,250.0,0.02394464,0.284423828,5648.2666,63.9980469
3823.0,250.0,0.0295786746,0.295410156,5649.7334,63.9980469
3824.0,250.0,0.03239569,0.296936035,5651.2,63.9980469
3825.0,250.0,0.02887442,0.296630859,5652.6665,63.9980469
3826.0,250.0,0.0281701647,0.295715332,5654.2666,63.9980469
3827.0,250.0,0.0338042,0.2960205,5655.7334,63.9980469
3828.0,250.0,0.0309871826,0.274353027,5657.2,63.9980469
3829.0,250.0,0.03591696,0.2758789,5658.6665,63.9980469
3830.0,250.0,0.0274659116,0.284118652,5660.1333,63.9980469
3831.0,250.0,0.0274659116,0.295410156,5661.6,63.9980469
3832.0,250.0,0.0302829277,0.276489258,5663.2,63.9980469
3833.0,250.0,0.0154935913,0.2597046,5664.6665,63.9980469
3834.0,250.0,0.0281701647,0.275268555,5666.1333,63.9980469
3835.0,250.0,0.0274659116,0.2746582,5667.6,63.9980469
3836.0,250.0,0.0267616566,0.259094238,5669.067,63.9980469
3837.0,250.0,0.0232403874,0.27557373,5670.6665,63.9980469
3838.0,250.0,0.0338042,0.2746582,5672.1333,63.9980469
3839.0,250.0,0.0281701647,0.274353027,5673.6,63.9980469
3840.0,250.0,0.0211276244,0.2746582,5675.067,63.9980469
3841.0,250.0,0.0246488955,0.29510498,5676.533,63.9980469
3842.0,250.0,0.0295786746,0.286865234,5678.0,63.9980469
3843.0,250.0,0.0281701647,0.274353027,5679.6,63.9980469
3844.0,250.0,0.0225361325,0.295715332,5681.067,63.9980469
3845.0,250.0,0.0281701647,0.295715332,5682.533,63.9980469
3846.0,250.0,0.0330999456,0.2783203,5684.0,63.9980469
3847.0,250.0,0.0295786746,0.295410156,5685.467,63.9980469
3848.0,250.0,0.0218318775,0.296630859,5686.933,63.9980469
3849.0,250.0,0.0302829277,0.296325684,5688.533,63.9980469
3850.0,250.0,0.0295786746,0.295715332,5690.0,63.9980469
3851.0,250.0,0.0253531486,0.314331055,5691.467,63.9980469
3852.0,250.0,0.03239569,0.317077637,5692.933,63.9980469
3853.0,250.0,0.0394382328,0.296630859,5694.4,63.9980469
3854.0,250.0,0.0232403874,0.296630859,5695.8667,63.9980469
3855.0,250.0,0.02887442,0.296630859,5697.467,63.9980469
3856.0,250.0,0.04084674,0.2758789,5698.933,63.9980469
3857.0,250.0,0.04084674,0.275268555,5700.4,63.9980469
3858.0,250.0,0.0246488955,0.2746582,5701.8667,63.9980469
3859.0,250.0,0.0274659116,0.275268555,5703.3335,63.9980469
3860.0,250.0,0.0338042,0.274963379,5704.933,63.9980469
3861.0,250.0,0.0281701647,0.274963379,5706.4,63.9980469
3862.0,250.0,0.0267616566,0.2746582,5707.8667,63.9980469
3863.0,250.0,0.02394464,0.2774048,5709.3335,63.9980469
3864.0,250.0,0.0352127068,0.26763916,5710.8,63.9980469
3865.0,250.0,0.0316914357,0.265197754,5712.2666,63.9980469
3866.0,250.0,0.0302829277,0.284118652,5713.8667,63.9980469
3867.0,250.0,0.0225361325,0.2972412,5715.3335,63.9980469
3868.0,250.0,0.0309871826,0.275268555,5716.8,63.9980469
3869.0,250.0,0.0330999456,0.284423828,5718.2666,63.9980469
3870.0,250.0,0.0253531486,0.296630859,5719.7334,63.9980469
3871.0,250.0,0.0218318775,0.296630859,5721.2,63.9980469
3872.0,250.0,0.0267616566,0.286560059,5722.8,63.9980469
3873.0,250.0,0.0281701647,0.293273926,5724.2666,63.9980469
3874.0,250.0,0.009859558,0.277709961,5725.7334,63.9980469
3875.0,250.0,0.02394464,0.274963379,5727.2,63.9980469
3876.0,250.0,0.0387339778,0.296325684,5728.6665,63.9980469
3877.0,250.0,0.0218318775,0.2960205,5730.1333,63.9980469
3878.0,250.0,0.0133808283,0.2960205,5731.7334,63.9980469
3879.0,250.0,0.0338042,0.295715332,5733.2,63.9980469
3880.0,250.0,0.0309871826,0.2972412,5734.6665,63.9980469
3881.0,250.0,0.0183106083,0.296630859,5736.1333,63.9980469
3882.0,250.0,0.0211276244,0.2960205,5737.6,63.9980469
3883.0,250.0,0.03450845,0.296936035,5739.2,63.9980469
3884.0,250.0,0.0274659116,0.2960205,5740.6665,63.9980469
3885.0,250.0,0.0126765743,0.2972412,5742.1333,63.9980469
3886.0,250.0,0.02887442,0.296325684,5743.6,63.9980469
3887.0,250.0,0.0316914357,0.295715332,5745.067,63.9980469
3888.0,250.0,0.0253531486,0.278015137,5746.533,63.9980469
3889.0,250.0,0.0197191164,0.29510498,5748.1333,63.9980469
3890.0,250.0,0.0380297229,0.296936035,5749.6,63.9980469
3891.0,250.0,0.03239569,0.296325684,5751.067,63.9980469
3892.0,250.0,0.0281701647,0.295410156,5752.533,63.9980469
3893.0,250.0,0.0352127068,0.286560059,5754.0,63.9980469
3894.0,250.0,0.0436637551,0.2746582,5755.467,63.9980469
3895.0,250.0,0.0154935913,0.275268555,5757.067,63.9980469
3896.0,250.0,0.0274659116,0.275268555,5758.533,63.9980469
3897.0,250.0,0.03591696,0.2746582,5760.0,63.9980469
3898.0,250.0,0.03239569,0.274963379,5761.467,63.9980469
3899.0,250.0,0.0295786746,0.2746582,5762.933,63.9980469
3900.0,250.0,0.0295786746,0.2746582,5764.533,63.9980469
3901.0,250.0,0.0309871826,0.284118652,5766.0,63.9980469
3902.0,250.0,0.0267616566,0.296325684,5767.467,63.9980469
3903.0,250.0,0.0338042,0.277709961,5768.933,63.9980469
3904.0,250.0,0.0197191164,0.274963379,5770.4,63.9980469
3905.0,250.0,0.0295786746,0.296325684,5771.8667,63.9980469
3906.0,250.0,0.0309871826,0.296325684,5773.467,63.9980469
3907.0,250.0,0.0330999456,0.284118652,5774.933,63.9980469
3908.0,250.0,0.0260574035,0.295410156,5776.4,63.9980469
3909.0,250.0,0.0281701647,0.296630859,5777.8667,63.9980469
3910.0,250.0,0.0260574035,0.297851563,5779.3335,63.9980469
3911.0,250.0,0.0232403874,0.295410156,5780.8,63.9980469
3912.0,250.0,0.0260574035,0.296325684,5782.4,63.9980469
3913.0,250.0,0.0352127068,0.2874756,5783.8667,63.9980469
3914.0,250.0,0.0260574035,0.293273926,5785.3335,63.9980469
3915.0,250.0,0.0232403874,0.314331055,5786.8,63.9980469
3916.0,250.0,0.0260574035,0.296936035,5788.2666,63.9980469
3917.0,250.0,0.0330999456,0.296325684,5789.7334,63.9980469
3918.0,250.0,0.0253531486,0.295410156,5791.3335,63.9980469
3919.0,250.0,0.0267616566,0.305480957,5792.8,63.9980469
3920.0,250.0,0.0295786746,0.296936035,5794.2666,63.9980469
3921.0,250.0,0.0338042,0.296630859,5795.7334,63.9980469
3922.0,250.0,0.0246488955,0.2960205,5797.2,63.9980469
3923.0,250.0,0.0246488955,0.2783203,5798.6665,63.9980469
3924.0,250.0,0.0330999456,0.274963379,5800.2666,63.9980469
3925.0,250.0,0.0274659116,0.27557373,5801.7334,63.9980469
3926.0,250.0,0.0267616566,0.273742676,5803.2,63.9980469
3927.0,250.0,0.03450845,0.275268555,5804.6665,63.9980469
3928.0,250.0,0.03591696,0.275268555,5806.1333,63.9980469
3929.0,250.0,0.0295786746,0.274353027,5807.7334,63.9980469
3930.0,250.0,0.03591696,0.27557373,5809.2,63.9980469
3931.0,250.0,0.03591696,0.2746582,5810.6665,63.9980469
3932.0,250.0,0.0232403874,0.2746582,5812.1333,63.9980469
3933.0,250.0,0.0267616566,0.274963379,5813.6,63.9980469
3934.0,250.0,0.03239569,0.2682495,5815.067,63.9980469
3935.0,250.0,0.0295786746,0.2722168,5816.6665,63.9980469
3936.0,250.0,0.0246488955,0.2746582,5818.1333,63.9980469
3937.0,250.0,0.0309871826,0.274353027,5819.6,63.9980469
3938.0,250.0,0.03239569,0.274353027,5821.067,63.9980469
3939.0,250.0,0.0246488955,0.2935791,5822.533,63.9980469
3940.0,250.0,0.0253531486,0.296325684,5824.1333,63.9980469
3941.0,250.0,0.02394464,0.295715332,5825.6,63.9980469
3942.0,250.0,0.03591696,0.294189453,5827.067,63.9980469
3943.0,250.0,0.02042337,0.296630859,5828.533,63.9980469
3944.0,250.0,0.0260574035,0.296325684,5830.0,63.9980469
3945.0,250.0,0.0211276244,0.278015137,5831.467,63.9980469
3946.0,250.0,0.0338042,0.29296875,5833.067,63.9980469
3947.0,250.0,0.0267616566,0.295410156,5834.533,63.9980469
3948.0,250.0,0.0267616566,0.295715332,5836.0,63.9980469
3949.0,250.0,0.0401424877,0.296936035,5837.467,63.9980469
3950.0,250.0,0.03591696,0.2960205,5838.933,63.9980469
3951.0,250.0,0.0253531486,0.296630859,5840.4,63.9980469
3952.0,250.0,0.02042337,0.2972412,5842.0,63.9980469
3953.0,250.0,0.0352127068,0.295715332,5843.467,63.9980469
3954.0,250.0,0.0309871826,0.296325684,5844.933,63.9980469
3955.0,250.0,0.0267616566,0.2960205,5846.4,63.9980469
3956.0,250.0,0.0338042,0.294189453,5847.8667,63.9980469
3957.0,250.0,0.0366212167,0.296325684,5849.3335,63.9980469
3958.0,250.0,0.0246488955,0.277709961,5850.933,63.9980469
3959.0,250.0,0.0253531486,0.274963379,5852.4,63.9980469
3960.0,250.0,0.0394382328,0.274963379,5853.8667,63.9980469
3961.0,250.0,0.04084674,0.293273926,5855.3335,63.9980469
3962.0,250.0,0.0183106083,0.296325684,5856.8,63.9980469
3963.0,250.0,0.0302829277,0.27557373,5858.4,63.9980469
3964.0,250.0,0.04225525,0.2746582,5859.8667,63.9980469
3965.0,250.0,0.02887442,0.2658081,5861.3335,63.9980469
3966.0,250.0,0.0105638122,0.294189453,5862.8,63.9980469
3967.0,250.0,0.0352127068,0.275268555,5864.2666,63.9980469
3968.0,250.0,0.0415509939,0.267944336,5865.7334,63.9980469
3969.0,250.0,0.0197191164,0.275268555,5867.3335,63.9980469
3970.0,250.0,0.0190148614,0.2960205,5868.8,63.9980469
3971.0,250.0,0.0394382328,0.287780762,5870.2666,63.9980469
3972.0,250.0,0.0338042,0.284423828,5871.7334,63.9980469
3973.0,250.0,0.004929779,0.296630859,5873.2,63.9980469
3974.0,250.0,0.0232403874,0.2975464,5874.6665,63.9980469
3975.0,250.0,0.0429595038,0.27557373,5876.2666,63.9980469
3976.0,250.0,0.0267616566,0.2935791,5877.7334,63.9980469
3977.0,250.0,0.004929779,0.31463623,5879.2,63.9980469
3978.0,250.0,0.0302829277,0.2972412,5880.6665,63.9980469
3979.0,250.0,0.0436637551,0.2960205,5882.1333,63.9980469
3980.0,250.0,0.0211276244,0.2960205,5883.6,63.9980469
3981.0,250.0,0.0126765743,0.3173828,5885.2,63.9980469
3982.0,250.0,0.0366212167,0.299377441,5886.6665,63.9980469
3983.0,250.0,0.0380297229,0.27557373,5888.1333,63.9980469
3984.0,250.0,0.0169021,0.283813477,5889.6,63.9980469
3985.0,250.0,0.0267616566,0.295715332,5891.067,63.9980469
3986.0,250.0,0.0464807749,0.2960205,5892.533,63.9980469
3987.0,250.0,0.0352127068,0.276184082,5894.1333,63.9980469
3988.0,250.0,0.0183106083,0.2947998,5895.6,63.9980469
3989.0,250.0,0.0197191164,0.2960205,5897.067,63.9980469
3990.0,250.0,0.0373254679,0.2774048,5898.533,63.9980469
3991.0,250.0,0.0253531486,0.275268555,5900.0,63.9980469
3992.0,250.0,0.0232403874,0.293273926,5901.6,63.9980469
3993.0,250.0,0.0338042,0.288085938,5903.067,63.9980469
3994.0,250.0,0.0316914357,0.274353027,5904.533,63.9980469
3995.0,250.0,0.03239569,0.2746582,5906.0,63.9980469
3996.0,250.0,0.0309871826,0.284118652,5907.467,63.9980469
3997.0,250.0,0.0274659116,0.2746582,5908.933,63.9980469
3998.0,250.0,0.0246488955,0.274963379,5910.533,63.9980469
3999.0,250.0,0.0302829277,0.2746582,5912.0,63.9980469
4000.0,250.0,0.0309871826,0.274353027,5913.467,63.9980469
4001.0,250.0,0.0295786746,0.2758789,5914.933,63.9980469
4002.0,0.0,0.0246488955,-0.03479004,5916.4,63.9980469
4003.0,0.0,-0.0176063534,-2.775879,5917.2,63.9980469
4004.0,0.0,-0.165499717,-4.86084,5917.067,63.9980469
4005.0,0.0,-0.052819062,-2.73925781,5916.6665,63.9980469
4006.0,0.0,-0.0302829277,0.5770874,5916.6665,63.9980469
4007.0,0.0,-0.0281701647,0.862731934,5916.8,63.9980469
4008.0,0.0,-0.09718707,-0.29296875,5916.8,63.9980469
4009.0,0.0,-0.1795848,-0.5029297,5916.8,63.9980469
4010.0,0.0,-0.130287021,-0.1739502,5916.8,63.9980469
4011.0,0.0,-0.045072265,0.0225830078,5916.8,63.9980469
4012.0,0.0,-0.0225361325,0.0228881836,5916.8,63.9980469
4013.0,0.0,-0.005634033,-0.0341796875,5916.8,63.9980469
4014.0,0.0,-0.00070425414,-0.05859375,5916.8,63.9980469
4015.0,0.0,0.00352127058,-0.0289917,5916.8,63.9980469
4016.0,0.0,-0.004929779,-0.009765625,5916.8,63.9980469
4017.0,0.0,-0.0105638122,-0.000305175781,5916.8,63.9980469
