Time (ms),Nset (1/min),Torque (Nm),Current (V),Angle (deg),Depth (mm)
0.0,0.0,0.00140850828,-0.0149536133,0.0,0.0625
1.0,4.0,0.0,-0.003967285,0.0,0.0703125
2.0,8.0,0.0,0.0500488281,0.0,0.06640625
3.0,12.0,-0.00070425414,0.179443359,0.0,0.0625
4.0,16.0,0.00140850828,0.272827148,0.13333334,0.06640625
5.0,20.0,0.00281701656,0.284423828,0.266666681,0.068359375
6.0,24.0,0.009859558,0.2468872,0.4,0.0625
7.0,28.0,0.009155304,0.223999023,0.533333361,0.0625
8.0,32.0,0.0373254679,0.235900879,0.6666667,0.05859375
9.0,36.0,0.0338042,0.257263184,0.8,0.060546875
10.0,40.0,0.0352127068,0.2886963,1.06666672,0.06640625
11.0,44.0,0.0338042,0.319213867,1.33333337,0.06640625
12.0,48.0,0.0218318775,0.31829834,1.6,0.060546875
13.0,52.0,0.0232403874,0.2987671,1.86666667,0.064453125
14.0,56.0,0.02394464,0.297851563,2.26666665,0.068359375
15.0,60.0,0.0253531486,0.319213867,2.5333333,0.06640625
16.0,64.0,0.02394464,0.3338623,2.9333334,0.068359375
17.0,68.0,0.0225361325,0.306396484,3.33333325,0.064453125
18.0,72.0,0.04225525,0.276184082,3.73333335,0.072265625
19.0,76.0,0.06549563,0.31036377,4.133333,0.068359375
20.0,80.0,0.07817221,0.354614258,4.66666651,0.0625
21.0,84.0,0.0788764656,0.3881836,5.2,0.0625
22.0,88.0,0.06690414,0.393981934,5.6,0.06640625
23.0,92.0,0.04929779,0.379638672,6.266667,0.06640625
24.0,96.0,0.03239569,0.3567505,6.8,0.060546875
25.0,100.0,0.0387339778,0.337219238,7.33333349,0.06640625
26.0,104.0,0.0330999456,0.335083,8.0,0.0625
27.0,108.0,0.03239569,0.375976563,8.533334,0.064453125
28.0,112.0,0.0330999456,0.3781128,9.2,0.068359375
29.0,116.0,0.0267616566,0.3591919,10.0,0.0625
30.0,120.0,0.0338042,0.357055664,10.666667,0.05859375
31.0,124.0,0.0338042,0.3781128,11.333333,0.064453125
32.0,128.0,0.0387339778,0.3945923,12.1333332,0.0703125
33.0,132.0,0.0373254679,0.378417969,12.9333334,0.06640625
34.0,136.0,0.03450845,0.39276123,13.7333336,0.0625
35.0,140.0,0.0387339778,0.395202637,14.5333338,0.056640625
36.0,144.0,0.04436801,0.39642334,15.333333,0.06640625
37.0,148.0,0.0471850261,0.379943848,16.2666664,0.06640625
38.0,152.0,0.0436637551,0.387573242,17.2,0.064453125
39.0,156.0,0.0514105521,0.414123535,18.1333332,0.060546875
40.0,160.0,0.04788928,0.438232422,19.0666676,0.06640625
41.0,164.0,0.04084674,0.438232422,20.0,0.06640625
42.0,168.0,0.0380297229,0.416564941,20.9333324,0.064453125
43.0,172.0,0.04225525,0.4360962,22.0,0.064453125
44.0,176.0,0.0387339778,0.4373169,23.0666676,0.06640625
45.0,180.0,0.04436801,0.4385376,24.1333332,0.068359375
46.0,184.0,0.04084674,0.4159546,25.2,0.0625
47.0,188.0,0.04225525,0.4373169,26.2666664,0.06640625
48.0,192.0,0.0366212167,0.452880859,27.4666672,0.060546875
49.0,196.0,0.0352127068,0.440673828,28.666666,0.0625
50.0,200.0,0.04436801,0.4373169,29.7333336,0.064453125
51.0,204.0,0.0415509939,0.446777344,30.9333324,0.064453125
52.0,208.0,0.0394382328,0.474243164,32.2666664,0.0625
53.0,212.0,0.04577652,0.474853516,33.4666672,0.0625
54.0,216.0,0.04225525,0.4547119,34.8,0.0625
55.0,220.0,0.0394382328,0.467224121,36.1333351,0.06640625
56.0,224.0,0.04929779,0.474853516,37.4666672,0.064453125
57.0,228.0,0.0471850261,0.474853516,38.8,0.0546875
58.0,232.0,0.04084674,0.47454834,40.1333351,0.0625
59.0,236.0,0.0401424877,0.475463867,41.4666672,0.06640625
60.0,240.0,0.0436637551,0.474853516,42.9333344,0.0625
61.0,244.0,0.0507062972,0.497436523,44.4,0.0703125
62.0,248.0,0.03591696,0.4763794,45.8666649,0.064453125
63.0,250.0,0.0464807749,0.455932617,47.3333321,0.0625
64.0,250.0,0.0281701647,0.418396,48.9333344,0.0703125
65.0,250.0,0.0373254679,0.347290039,50.4,0.0703125
66.0,250.0,0.0183106083,0.284423828,51.8666649,0.0625
67.0,250.0,0.0330999456,0.2770996,53.3333321,0.068359375
68.0,250.0,0.0176063534,0.2960205,54.8,0.068359375
69.0,250.0,0.0260574035,0.2975464,56.4,0.0625
70.0,250.0,0.0140850823,0.297851563,57.8666649,0.064453125
71.0,250.0,0.0197191164,0.278015137,59.3333321,0.06640625
72.0,250.0,0.0253531486,0.296630859,60.8,0.064453125
73.0,250.0,0.0225361325,0.2972412,62.4,0.068359375
74.0,250.0,0.0316914357,0.297851563,63.8666649,0.0625
75.0,250.0,0.0253531486,0.2975464,65.3333359,0.068359375
76.0,250.0,0.0394382328,0.31829834,66.8,0.060546875
77.0,250.0,0.0274659116,0.318603516,68.26667,0.0703125
78.0,250.0,0.0260574035,0.319213867,69.73333,0.0703125
79.0,250.0,0.0281701647,0.3189087,71.3333359,0.068359375
80.0,250.0,0.0302829277,0.3189087,72.8,0.0703125
81.0,250.0,0.0190148614,0.313110352,74.26667,0.06640625
82.0,250.0,0.0225361325,0.332946777,75.73333,0.060546875
83.0,250.0,0.0281701647,0.321044922,77.2,0.0625
84.0,250.0,0.0267616566,0.319519043,78.8,0.06640625
85.0,250.0,0.0190148614,0.319213867,80.26667,0.068359375
86.0,250.0,0.02394464,0.3189087,81.73333,0.0703125
87.0,250.0,0.0380297229,0.306396484,83.2,0.06640625
88.0,250.0,0.0302829277,0.316772461,84.6666641,0.060546875
89.0,250.0,0.0197191164,0.318603516,86.13333,0.06640625
90.0,250.0,0.0309871826,0.318603516,87.73333,0.064453125
91.0,250.0,0.0436637551,0.305786133,89.2,0.064453125
92.0,250.0,0.0274659116,0.316772461,90.6666641,0.064453125
93.0,250.0,0.0316914357,0.319213867,92.13333,0.0625
94.0,250.0,0.0394382328,0.2984619,93.6,0.060546875
95.0,250.0,0.0401424877,0.2972412,95.2,0.06640625
96.0,250.0,0.0183106083,0.2975464,96.6666641,0.0625
97.0,250.0,0.0366212167,0.2972412,98.13333,0.064453125
98.0,250.0,0.0338042,0.2972412,99.6,0.06640625
99.0,250.0,0.0211276244,0.298156738,101.066666,0.064453125
100.0,250.0,0.0176063534,0.2972412,102.533333,0.0625
101.0,250.0,0.0302829277,0.299682617,104.133331,0.0625
102.0,250.0,0.0295786746,0.297851563,105.6,0.0703125
103.0,250.0,0.0253531486,0.2984619,107.066666,0.06640625
104.0,250.0,0.02394464,0.31829834,108.533333,0.0625
105.0,250.0,0.0225361325,0.2987671,110.0,0.064453125
106.0,250.0,0.0295786746,0.2972412,111.6,0.06640625
107.0,250.0,0.0190148614,0.2972412,113.066666,0.0625
108.0,250.0,0.0218318775,0.319213867,114.533333,0.068359375
109.0,250.0,0.02887442,0.319213867,116.0,0.06640625
110.0,250.0,0.0295786746,0.2975464,117.466667,0.05859375
111.0,250.0,0.0267616566,0.3189087,118.933334,0.06640625
112.0,250.0,0.0218318775,0.319519043,120.533333,0.068359375
113.0,250.0,0.0260574035,0.319519043,122.0,0.064453125
114.0,250.0,0.0211276244,0.317993164,123.466667,0.06640625
115.0,250.0,0.02042337,0.318603516,124.933334,0.068359375
116.0,250.0,0.0176063534,0.30670166,126.4,0.060546875
117.0,250.0,0.0260574035,0.317688,127.866669,0.064453125
118.0,250.0,0.02394464,0.3201294,129.46666,0.064453125
119.0,250.0,0.0267616566,0.319213867,130.933334,0.06640625
120.0,250.0,0.0260574035,0.3164673,132.4,0.06640625
121.0,250.0,0.0338042,0.319824219,133.866669,0.06640625
122.0,250.0,0.0232403874,0.3302002,135.333328,0.068359375
123.0,250.0,0.0274659116,0.3189087,136.8,0.0625
124.0,250.0,0.0387339778,0.319213867,138.4,0.068359375
125.0,250.0,0.0436637551,0.2987671,139.866669,0.068359375
126.0,250.0,0.0161978453,0.2972412,141.333328,0.0625
127.0,250.0,0.0253531486,0.300292969,142.8,0.064453125
128.0,250.0,0.03591696,0.2984619,144.266663,0.064453125
129.0,250.0,0.0253531486,0.297851563,145.866669,0.06640625
130.0,250.0,0.0154935913,0.2972412,147.333328,0.06640625
131.0,250.0,0.0302829277,0.285644531,148.8,0.0625
132.0,250.0,0.0267616566,0.289001465,150.266663,0.064453125
133.0,250.0,0.0232403874,0.297851563,151.733337,0.06640625
134.0,250.0,0.0338042,0.298156738,153.2,0.064453125
135.0,250.0,0.0330999456,0.2972412,154.8,0.064453125
136.0,250.0,0.0274659116,0.2975464,156.266663,0.064453125
137.0,250.0,0.0232403874,0.299682617,157.733337,0.0625
138.0,250.0,0.0260574035,0.2975464,159.2,0.0625
139.0,250.0,0.0253531486,0.298156738,160.666672,0.0625
140.0,250.0,0.0253531486,0.2972412,162.133331,0.064453125
141.0,250.0,0.0274659116,0.3112793,163.733337,0.0625
142.0,250.0,0.02394464,0.319213867,165.2,0.0625
143.0,250.0,0.0225361325,0.3189087,166.666672,0.0625
144.0,250.0,0.0211276244,0.319519043,168.133331,0.068359375
145.0,250.0,0.02394464,0.299072266,169.6,0.05859375
146.0,250.0,0.0218318775,0.319213867,171.066666,0.06640625
147.0,250.0,0.02887442,0.319213867,172.666672,0.06640625
148.0,250.0,0.03450845,0.319519043,174.133331,0.0703125
149.0,250.0,0.02394464,0.31829834,175.6,0.06640625
150.0,250.0,0.0211276244,0.3201294,177.066666,0.068359375
151.0,250.0,0.0316914357,0.305480957,178.53334,0.06640625
152.0,250.0,0.0338042,0.311889648,180.0,0.064453125
153.0,250.0,0.0197191164,0.319213867,181.6,0.068359375
154.0,250.0,0.0253531486,0.32043457,183.066666,0.060546875
155.0,250.0,0.0295786746,0.305786133,184.53334,0.06640625
156.0,250.0,0.0352127068,0.298156738,186.0,0.068359375
157.0,250.0,0.02042337,0.303344727,187.46666,0.0625
158.0,250.0,0.02042337,0.2972412,189.066666,0.0625
159.0,250.0,0.02887442,0.298156738,190.53334,0.06640625
160.0,250.0,0.0295786746,0.2972412,192.0,0.06640625
161.0,250.0,0.0253531486,0.2984619,193.46666,0.0625
162.0,250.0,0.03239569,0.2987671,194.933334,0.05859375
163.0,250.0,0.03450845,0.298156738,196.4,0.06640625
164.0,250.0,0.0338042,0.296630859,198.0,0.060546875
165.0,250.0,0.0373254679,0.278015137,199.46666,0.06640625
166.0,250.0,0.0302829277,0.2972412,200.933334,0.06640625
167.0,250.0,0.02042337,0.296936035,202.4,0.068359375
168.0,250.0,0.0281701647,0.297851563,203.866669,0.06640625
169.0,250.0,0.0387339778,0.2786255,205.46666,0.06640625
170.0,250.0,0.02042337,0.276184082,206.933334,0.05859375
171.0,250.0,0.0253531486,0.2975464,208.4,0.0703125
172.0,250.0,0.0260574035,0.299072266,209.866669,0.060546875
173.0,250.0,0.03591696,0.296936035,211.333328,0.060546875
174.0,250.0,0.0169021,0.319213867,212.8,0.064453125
175.0,250.0,0.0246488955,0.319213867,214.4,0.064453125
176.0,250.0,0.0274659116,0.2984619,215.866669,0.05859375
177.0,250.0,0.0309871826,0.296936035,217.333328,0.06640625
178.0,250.0,0.03450845,0.3164673,218.8,0.0703125
179.0,250.0,0.0274659116,0.3189087,220.266663,0.0625
180.0,250.0,0.02394464,0.3189087,221.733337,0.0625
181.0,250.0,0.0232403874,0.319213867,223.333328,0.064453125
182.0,250.0,0.0316914357,0.3189087,224.8,0.064453125
183.0,250.0,0.0183106083,0.2960205,226.266663,0.068359375
184.0,250.0,0.0253531486,0.319213867,227.733337,0.064453125
185.0,250.0,0.0295786746,0.319519043,229.2,0.064453125
186.0,250.0,0.0190148614,0.3060913,230.666672,0.064453125
187.0,250.0,0.0154935913,0.298156738,232.266663,0.064453125
188.0,250.0,0.0338042,0.310668945,233.733337,0.060546875
189.0,250.0,0.0267616566,0.303955078,235.2,0.06640625
190.0,250.0,0.0253531486,0.298156738,236.666672,0.064453125
191.0,250.0,0.0274659116,0.2975464,238.133331,0.05859375
192.0,250.0,0.0338042,0.3189087,239.6,0.0625
193.0,250.0,0.02042337,0.31829834,241.2,0.0625
194.0,250.0,0.0253531486,0.2972412,242.666672,0.06640625
195.0,250.0,0.048593536,0.2975464,244.133331,0.064453125
196.0,250.0,0.0267616566,0.2972412,245.6,0.0703125
197.0,250.0,0.0218318775,0.298156738,247.066666,0.06640625
198.0,250.0,0.0373254679,0.2972412,248.666672,0.06640625
199.0,250.0,0.0436637551,0.284423828,250.133331,0.068359375
200.0,250.0,0.0190148614,0.297851563,251.6,0.06640625
201.0,250.0,0.02887442,0.298156738,253.066666,0.0625
202.0,250.0,0.0281701647,0.296936035,254.53334,0.0703125
203.0,250.0,0.0309871826,0.2984619,256.0,0.06640625
204.0,250.0,0.004225525,0.297851563,257.6,0.068359375
205.0,250.0,0.04436801,0.2972412,259.066681,0.064453125
206.0,250.0,0.02042337,0.297851563,260.533325,0.06640625
207.0,250.0,0.0253531486,0.31036377,262.0,0.0625
208.0,250.0,0.009859558,0.3189087,263.466675,0.0625
209.0,250.0,0.048593536,0.298156738,264.933319,0.064453125
210.0,250.0,0.03591696,0.2984619,266.533325,0.068359375
211.0,250.0,0.009155304,0.328063965,268.0,0.06640625
212.0,250.0,0.0274659116,0.335388184,269.466675,0.068359375
213.0,250.0,0.03239569,0.318603516,270.933319,0.0625
214.0,250.0,0.0126765743,0.317688,272.4,0.068359375
215.0,250.0,0.0183106083,0.3189087,273.866669,0.068359375
216.0,250.0,0.0387339778,0.297851563,275.466675,0.0703125
217.0,250.0,0.0281701647,0.3164673,276.933319,0.056640625
218.0,250.0,0.0253531486,0.319519043,278.4,0.064453125
219.0,250.0,0.02042337,0.319824219,279.866669,0.0625
220.0,250.0,0.0274659116,0.299377441,281.333344,0.064453125
221.0,250.0,0.03591696,0.3164673,282.8,0.0703125
222.0,250.0,0.0281701647,0.319519043,284.4,0.06640625
223.0,250.0,0.0253531486,0.319213867,285.866669,0.0625
224.0,250.0,0.0295786746,0.319213867,287.333344,0.06640625
225.0,250.0,0.0338042,0.2975464,288.8,0.0625
226.0,250.0,0.0176063534,0.296936035,290.266663,0.064453125
227.0,250.0,0.0190148614,0.317688,291.866669,0.068359375
228.0,250.0,0.0316914357,0.2984619,293.333344,0.064453125
229.0,250.0,0.0274659116,0.276489258,294.8,0.064453125
230.0,250.0,0.0295786746,0.296325684,296.266663,0.06640625
231.0,250.0,0.0338042,0.3048706,297.733337,0.0625
232.0,250.0,0.0380297229,0.297851563,299.2,0.06640625
233.0,250.0,0.0246488955,0.2972412,300.8,0.064453125
234.0,250.0,0.0267616566,0.2984619,302.266663,0.064453125
235.0,250.0,0.0309871826,0.2984619,303.733337,0.064453125
236.0,250.0,0.0267616566,0.2947998,305.2,0.068359375
237.0,250.0,0.0267616566,0.298156738,306.666656,0.06640625
238.0,250.0,0.0274659116,0.300292969,308.133331,0.068359375
239.0,250.0,0.0267616566,0.2972412,309.733337,0.0625
240.0,250.0,0.0260574035,0.297851563,311.2,0.072265625
241.0,250.0,0.0197191164,0.318603516,312.666656,0.0625
242.0,250.0,0.0267616566,0.299682617,314.133331,0.064453125
243.0,250.0,0.0225361325,0.310974121,315.6,0.0625
244.0,250.0,0.0274659116,0.319519043,317.066681,0.06640625
245.0,250.0,0.03239569,0.317993164,318.666656,0.0625
246.0,250.0,0.0330999456,0.319519043,320.133331,0.064453125
247.0,250.0,0.03239569,0.319824219,321.6,0.064453125
248.0,250.0,0.0218318775,0.319824219,323.066681,0.064453125
249.0,250.0,0.0338042,0.31829834,324.533325,0.068359375
250.0,250.0,0.0169021,0.299072266,326.0,0.068359375
251.0,250.0,0.0394382328,0.310974121,327.6,0.0625
252.0,250.0,0.0232403874,0.319213867,329.066681,0.0703125
253.0,250.0,0.0352127068,0.3189087,330.533325,0.068359375
254.0,250.0,0.0190148614,0.31829834,332.0,0.060546875
255.0,250.0,0.0330999456,0.299682617,333.466675,0.0625
256.0,250.0,0.0218318775,0.298156738,335.066681,0.064453125
257.0,250.0,0.02394464,0.297851563,336.533325,0.064453125
258.0,250.0,0.0246488955,0.2975464,338.0,0.0625
259.0,250.0,0.0380297229,0.298156738,339.466675,0.064453125
260.0,250.0,0.0274659116,0.297851563,340.933319,0.0703125
261.0,250.0,0.0197191164,0.2972412,342.4,0.060546875
262.0,250.0,0.03450845,0.2984619,344.0,0.0625
263.0,250.0,0.0302829277,0.297851563,345.466675,0.064453125
264.0,250.0,0.0232403874,0.2984619,346.933319,0.06640625
265.0,250.0,0.0267616566,0.297851563,348.4,0.0625
266.0,250.0,0.0338042,0.299072266,349.866669,0.0625
267.0,250.0,0.03450845,0.276184082,351.333344,0.060546875
268.0,250.0,0.0281701647,0.297851563,352.933319,0.0703125
269.0,250.0,0.0232403874,0.297851563,354.4,0.06640625
270.0,250.0,0.0309871826,0.296936035,355.866669,0.06640625
271.0,250.0,0.0253531486,0.2975464,357.333344,0.06640625
272.0,250.0,0.0225361325,0.310974121,358.8,0.06640625
273.0,250.0,0.0281701647,0.318603516,360.4,0.060546875
274.0,250.0,0.0295786746,0.298156738,361.866669,0.0625
275.0,250.0,0.0302829277,0.299072266,363.333344,0.0625
276.0,250.0,0.0218318775,0.319213867,364.8,0.06640625
277.0,250.0,0.0274659116,0.305786133,366.266663,0.064453125
278.0,250.0,0.0260574035,0.2984619,367.733337,0.07421875
279.0,250.0,0.0253531486,0.31036377,369.333344,0.0625
280.0,250.0,0.03591696,0.310668945,370.8,0.064453125
281.0,250.0,0.0316914357,0.319213867,372.266663,0.064453125
282.0,250.0,0.0232403874,0.319213867,373.733337,0.06640625
283.0,250.0,0.0183106083,0.317688,375.2,0.064453125
284.0,250.0,0.0309871826,0.319519043,376.666656,0.06640625
285.0,250.0,0.0211276244,0.297851563,378.266663,0.06640625
286.0,250.0,0.02042337,0.297851563,379.733337,0.064453125
287.0,250.0,0.0183106083,0.30090332,381.2,0.064453125
288.0,250.0,0.0211276244,0.318603516,382.666656,0.064453125
289.0,250.0,0.0183106083,0.298156738,384.133331,0.06640625
290.0,250.0,0.02394464,0.2975464,385.6,0.06640625
291.0,250.0,0.0154935913,0.297851563,387.2,0.0625
292.0,250.0,0.02042337,0.296936035,388.666656,0.06640625
293.0,250.0,0.0211276244,0.297851563,390.133331,0.068359375
294.0,250.0,0.0211276244,0.297851563,391.6,0.0703125
295.0,250.0,0.02042337,0.2975464,393.066681,0.060546875
296.0,250.0,0.0225361325,0.2975464,394.533325,0.0625
297.0,250.0,0.0246488955,0.2984619,396.133331,0.06640625
298.0,250.0,0.0154935913,0.299377441,397.6,0.0625
299.0,250.0,0.02394464,0.296936035,399.066681,0.064453125
300.0,250.0,0.0253531486,0.296325684,400.533325,0.0625
301.0,250.0,0.0211276244,0.310974121,402.0,0.06640625
302.0,250.0,0.0225361325,0.319213867,403.466675,0.0625
303.0,250.0,0.0373254679,0.319213867,405.066681,0.064453125
304.0,250.0,0.0253531486,0.319824219,406.533325,0.060546875
305.0,250.0,0.0211276244,0.31829834,408.0,0.0625
306.0,250.0,0.0295786746,0.300598145,409.466675,0.0625
307.0,250.0,0.03591696,0.3100586,410.933319,0.068359375
308.0,250.0,0.0246488955,0.31829834,412.533325,0.064453125
309.0,250.0,0.0302829277,0.2999878,414.0,0.0703125
310.0,250.0,0.0436637551,0.297851563,415.466675,0.068359375
311.0,250.0,0.0415509939,0.310668945,416.933319,0.0625
312.0,250.0,0.0225361325,0.319213867,418.4,0.064453125
313.0,250.0,0.03450845,0.306396484,419.866669,0.060546875
314.0,250.0,0.04577652,0.296936035,421.466675,0.06640625
315.0,250.0,0.0302829277,0.2975464,422.933319,0.0703125
316.0,250.0,0.0197191164,0.2984619,424.4,0.068359375
317.0,250.0,0.0338042,0.296936035,425.866669,0.0625
318.0,250.0,0.03591696,0.297851563,427.333344,0.068359375
319.0,250.0,0.0267616566,0.2972412,428.8,0.06640625
320.0,250.0,0.0295786746,0.2972412,430.4,0.0625
321.0,250.0,0.0380297229,0.31036377,431.866669,0.0625
322.0,250.0,0.03591696,0.319213867,433.333344,0.0625
323.0,250.0,0.0147893373,0.319519043,434.8,0.064453125
324.0,250.0,0.0253531486,0.305480957,436.266663,0.0625
325.0,250.0,0.0387339778,0.298156738,437.733337,0.068359375
326.0,250.0,0.0267616566,0.31036377,439.333344,0.064453125
327.0,250.0,0.0274659116,0.3189087,440.8,0.064453125
328.0,250.0,0.0147893373,0.3189087,442.266663,0.05859375
329.0,250.0,0.0246488955,0.319213867,443.733337,0.068359375
330.0,250.0,0.0295786746,0.297851563,445.2,0.0625
331.0,250.0,0.0302829277,0.2984619,446.666656,0.06640625
332.0,250.0,0.0232403874,0.317993164,448.266663,0.060546875
333.0,250.0,0.03239569,0.3189087,449.733337,0.0625
334.0,250.0,0.0281701647,0.307312,451.2,0.068359375
335.0,250.0,0.02042337,0.298156738,452.666656,0.060546875
336.0,250.0,0.0281701647,0.317688,454.133331,0.064453125
337.0,250.0,0.03239569,0.307006836,455.733337,0.0703125
338.0,250.0,0.0309871826,0.2972412,457.2,0.06640625
339.0,250.0,0.0197191164,0.315551758,458.666656,0.060546875
340.0,250.0,0.0274659116,0.318603516,460.133331,0.068359375
341.0,250.0,0.0260574035,0.32043457,461.6,0.068359375
342.0,250.0,0.0267616566,0.3173828,463.066681,0.064453125
343.0,250.0,0.0211276244,0.3189087,464.666656,0.0625
344.0,250.0,0.0295786746,0.307312,466.133331,0.064453125
345.0,250.0,0.02887442,0.2984619,467.6,0.06640625
346.0,250.0,0.0253531486,0.3164673,469.066681,0.068359375
347.0,250.0,0.0260574035,0.3189087,470.533325,0.068359375
348.0,250.0,0.03591696,0.305786133,472.0,0.06640625
349.0,250.0,0.0330999456,0.2972412,473.6,0.06640625
350.0,250.0,0.02394464,0.31036377,475.066681,0.06640625
351.0,250.0,0.0267616566,0.305480957,476.533325,0.064453125
352.0,250.0,0.0330999456,0.2975464,478.0,0.060546875
353.0,250.0,0.0330999456,0.299072266,479.466675,0.06640625
354.0,250.0,0.0197191164,0.318603516,480.933319,0.064453125
355.0,250.0,0.0260574035,0.297851563,482.533325,0.064453125
356.0,250.0,0.03450845,0.2774048,484.0,0.072265625
357.0,250.0,0.03239569,0.295410156,485.466675,0.064453125
358.0,250.0,0.0197191164,0.296936035,486.933319,0.0625
359.0,250.0,0.02887442,0.2984619,488.4,0.06640625
360.0,250.0,0.0211276244,0.289306641,490.0,0.0703125
361.0,250.0,0.0316914357,0.2975464,491.466675,0.0625
362.0,250.0,0.02887442,0.298156738,492.933319,0.064453125
363.0,250.0,0.0309871826,0.2984619,494.4,0.068359375
364.0,250.0,0.0260574035,0.299377441,495.866669,0.060546875
365.0,250.0,0.0197191164,0.3189087,497.333344,0.06640625
366.0,250.0,0.02394464,0.299682617,498.933319,0.06640625
367.0,250.0,0.02394464,0.2972412,500.4,0.060546875
368.0,250.0,0.0218318775,0.3100586,501.866669,0.068359375
369.0,250.0,0.0154935913,0.299377441,503.333344,0.06640625
370.0,250.0,0.0338042,0.296630859,504.8,0.0625
371.0,250.0,0.0316914357,0.3161621,506.266663,0.060546875
372.0,250.0,0.0197191164,0.334472656,507.866669,0.0625
373.0,250.0,0.0176063534,0.32043457,509.333344,0.068359375
374.0,250.0,0.0281701647,0.319213867,510.8,0.0703125
375.0,250.0,0.03239569,0.319824219,512.266663,0.072265625
376.0,250.0,0.0225361325,0.318603516,513.733337,0.064453125
377.0,250.0,0.0260574035,0.316772461,515.2,0.0625
378.0,250.0,0.0338042,0.319824219,516.8,0.072265625
379.0,250.0,0.0281701647,0.3189087,518.266663,0.064453125
380.0,250.0,0.0147893373,0.317993164,519.733337,0.060546875
381.0,250.0,0.0267616566,0.3189087,521.2,0.064453125
382.0,250.0,0.0295786746,0.318603516,522.6667,0.0625
383.0,250.0,0.0260574035,0.2984619,524.133362,0.060546875
384.0,250.0,0.0232403874,0.2984619,525.733337,0.060546875
385.0,250.0,0.03239569,0.309753418,527.2,0.06640625
386.0,250.0,0.0260574035,0.2987671,528.6667,0.05859375
387.0,250.0,0.0309871826,0.2972412,530.133362,0.06640625
388.0,250.0,0.0309871826,0.297851563,531.6,0.06640625
389.0,250.0,0.0309871826,0.2984619,533.2,0.068359375
390.0,250.0,0.0169021,0.296630859,534.6667,0.0703125
391.0,250.0,0.0267616566,0.2984619,536.133362,0.064453125
392.0,250.0,0.0274659116,0.318603516,537.6,0.0625
393.0,250.0,0.02394464,0.298156738,539.06665,0.06640625
394.0,250.0,0.02887442,0.297851563,540.5333,0.068359375
395.0,250.0,0.0309871826,0.296630859,542.133362,0.068359375
396.0,250.0,0.0253531486,0.2972412,543.6,0.05859375
397.0,250.0,0.02042337,0.297851563,545.06665,0.068359375
398.0,250.0,0.0211276244,0.317993164,546.5333,0.064453125
399.0,250.0,0.0253531486,0.318603516,548.0,0.0625
400.0,250.0,0.0232403874,0.319824219,549.4667,0.06640625
401.0,250.0,0.02394464,0.3189087,551.06665,0.068359375
402.0,250.0,0.0225361325,0.3189087,552.5333,0.0625
403.0,250.0,0.0246488955,0.319213867,554.0,0.0703125
404.0,250.0,0.0225361325,0.319213867,555.4667,0.06640625
405.0,250.0,0.00845105,0.31829834,556.93335,0.064453125
406.0,250.0,0.0225361325,0.3189087,558.4,0.064453125
407.0,250.0,0.0338042,0.319519043,560.0,0.068359375
408.0,250.0,0.0309871826,0.319519043,561.4667,0.064453125
409.0,250.0,0.0225361325,0.319519043,562.93335,0.0703125
410.0,250.0,0.0225361325,0.31829834,564.4,0.0625
411.0,250.0,0.0316914357,0.3189087,565.866638,0.0625
412.0,250.0,0.0197191164,0.319213867,567.3333,0.064453125
413.0,250.0,0.0267616566,0.3201294,568.93335,0.068359375
414.0,250.0,0.03239569,0.3189087,570.4,0.05859375
415.0,250.0,0.0309871826,0.2984619,571.866638,2.54882813
416.0,250.0,0.0253531486,0.297851563,573.3333,3.1640625
417.0,250.0,0.0281701647,0.317993164,574.8,3.53320313
418.0,250.0,0.03239569,0.30670166,576.4,3.8671875
419.0,250.0,0.0274659116,0.2972412,577.866638,3.99804688
420.0,250.0,0.0274659116,0.297851563,579.3333,4.265625
421.0,250.0,0.0267616566,0.297851563,580.8,4.5703125
422.0,250.0,0.0309871826,0.285339355,582.266663,4.88476563
423.0,250.0,0.0197191164,0.2984619,583.733337,5.201172
424.0,250.0,0.0281701647,0.305786133,585.3333,5.5078125
425.0,250.0,0.03591696,0.2984619,586.8,5.810547
426.0,250.0,0.03591696,0.2984619,588.266663,6.091797
427.0,250.0,0.00845105,0.3161621,589.733337,6.37109375
428.0,250.0,0.02887442,0.3060913,591.2,6.67773438
429.0,250.0,0.0161978453,0.2774048,592.6667,6.97851563
430.0,250.0,0.0183106083,0.295410156,594.266663,7.296875
431.0,250.0,0.009859558,0.3164673,595.733337,7.625
432.0,250.0,0.03450845,0.2999878,597.2,7.94140625
433.0,250.0,0.04577652,0.3100586,598.6667,8.091797
434.0,250.0,0.01197232,0.3277588,600.133362,8.365234
435.0,250.0,0.0176063534,0.3213501,601.733337,8.671875
436.0,250.0,0.0232403874,0.299682617,603.2,8.988281
437.0,250.0,0.0281701647,0.2972412,604.6667,9.294922
438.0,250.0,0.0140850823,0.3189087,606.133362,9.6015625
439.0,250.0,0.0267616566,0.31829834,607.6,9.884766
440.0,250.0,0.0394382328,0.3189087,609.06665,10.1601563
441.0,250.0,0.0338042,0.319824219,610.5333,10.4453125
442.0,250.0,0.0232403874,0.335693359,612.133362,10.7402344
443.0,250.0,0.0140850823,0.319519043,613.6,11.0273438
444.0,250.0,0.03239569,0.3189087,615.06665,11.3476563
445.0,250.0,0.0380297229,0.299072266,616.5333,11.65625
446.0,250.0,0.02042337,0.3173828,618.0,11.9667969
447.0,250.0,0.0105638122,0.319213867,619.6,12.1308594
448.0,250.0,0.0246488955,0.306396484,621.06665,12.4003906
449.0,250.0,0.0295786746,0.296936035,622.5333,12.6835938
450.0,250.0,0.02394464,0.296936035,624.0,12.9824219
451.0,250.0,0.0183106083,0.316772461,625.4667,13.28125
452.0,250.0,0.0330999456,0.31829834,626.93335,13.5625
453.0,250.0,0.03239569,0.2972412,628.5333,13.8457031
454.0,250.0,0.02042337,0.297851563,630.0,14.1152344
455.0,250.0,0.0260574035,0.298156738,631.4667,14.4003906
456.0,250.0,0.0267616566,0.2972412,632.93335,14.671875
457.0,250.0,0.0197191164,0.2786255,634.4,14.96875
458.0,250.0,0.0246488955,0.297851563,636.0,15.2578125
459.0,250.0,0.04788928,0.296936035,637.4667,15.5546875
460.0,250.0,0.02887442,0.298156738,638.93335,15.8691406
461.0,250.0,0.0211276244,0.2987671,640.4,16.08789
462.0,250.0,0.0253531486,0.298156738,641.866638,16.3457031
463.0,250.0,0.0401424877,0.2972412,643.3333,16.640625
464.0,250.0,0.0176063534,0.2972412,644.93335,16.9414063
465.0,250.0,0.0274659116,0.318603516,646.4,17.21875
466.0,250.0,0.0274659116,0.3060913,647.866638,17.5039063
467.0,250.0,0.0267616566,0.2984619,649.3333,17.7695313
468.0,250.0,0.0154935913,0.309448242,650.8,18.0390625
469.0,250.0,0.0246488955,0.3189087,652.266663,18.2988281
470.0,250.0,0.0401424877,0.319213867,653.866638,18.5800781
471.0,250.0,0.0225361325,0.319213867,655.3333,18.8632813
472.0,250.0,0.0253531486,0.333557129,656.8,19.15039
473.0,250.0,0.0154935913,0.3201294,658.266663,19.4492188
474.0,250.0,0.0330999456,0.306396484,659.733337,19.7519531
475.0,250.0,0.0274659116,0.2972412,661.2,20.0136719
476.0,250.0,0.0281701647,0.318603516,662.8,20.2734375
477.0,250.0,0.0183106083,0.319519043,664.266663,20.5292969
478.0,250.0,0.0267616566,0.306396484,665.733337,20.81836
479.0,250.0,0.02394464,0.2975464,667.2,21.1054688
480.0,250.0,0.0140850823,0.298156738,668.6667,21.3730469
481.0,250.0,0.0267616566,0.316772461,670.133362,21.6542969
482.0,250.0,0.03450845,0.305786133,671.733337,21.921875
483.0,250.0,0.0302829277,0.3189087,673.2,22.1777344
484.0,250.0,0.0183106083,0.3189087,674.6667,22.4375
485.0,250.0,0.0281701647,0.305480957,676.133362,22.71289
486.0,250.0,0.04225525,0.2770996,677.6,22.9960938
487.0,250.0,0.0197191164,0.296936035,679.06665,23.28711
488.0,250.0,0.0140850823,0.318603516,680.6667,23.5722656
489.0,250.0,0.02887442,0.28503418,682.133362,23.8671875
490.0,250.0,0.03239569,0.295715332,683.6,24.1601563
491.0,250.0,0.0281701647,0.31036377,685.06665,24.43164
492.0,250.0,0.0274659116,0.305786133,686.5333,24.6972656
493.0,250.0,0.0401424877,0.2975464,688.133362,24.9785156
494.0,250.0,0.0253531486,0.2975464,689.6,25.2617188
495.0,250.0,0.0260574035,0.303955078,691.06665,25.5390625
496.0,250.0,0.0366212167,0.297851563,692.5333,25.8007813
497.0,250.0,0.03239569,0.2972412,694.0,26.0546875
498.0,250.0,0.0274659116,0.296630859,695.4667,26.3164063
499.0,250.0,0.0316914357,0.298156738,697.06665,26.58789
500.0,250.0,0.0352127068,0.296325684,698.5333,26.8554688
501.0,250.0,0.0267616566,0.319213867,700.0,27.1484375
502.0,250.0,0.0246488955,0.319519043,701.4667,27.4277344
503.0,250.0,0.03239569,0.2987671,702.93335,27.7109375
504.0,250.0,0.0302829277,0.3100586,704.4,28.0273438
505.0,250.0,0.0218318775,0.3189087,706.0,28.2949219
506.0,250.0,0.0197191164,0.2984619,707.4667,28.55664
507.0,250.0,0.03239569,0.31036377,708.93335,28.8164063
508.0,250.0,0.0253531486,0.31829834,710.4,29.1015625
509.0,250.0,0.02394464,0.3189087,711.866638,29.3652344
510.0,250.0,0.02394464,0.2999878,713.3333,29.63086
511.0,250.0,0.0309871826,0.31829834,714.93335,29.890625
512.0,250.0,0.0246488955,0.3189087,716.4,30.1347656
513.0,250.0,0.0267616566,0.319213867,717.866638,30.3789063
514.0,250.0,0.0176063534,0.3189087,719.3333,30.6445313
515.0,250.0,0.0211276244,0.318603516,720.8,30.9238281
516.0,250.0,0.0246488955,0.3189087,722.4,31.1953125
517.0,250.0,0.0302829277,0.2999878,723.866638,31.4726563
518.0,250.0,0.0260574035,0.2972412,725.3333,31.7539063
519.0,250.0,0.0338042,0.2984619,726.8,32.10547
520.0,250.0,0.02887442,0.298156738,728.266663,32.3828125
521.0,250.0,0.02042337,0.2975464,729.733337,32.640625
522.0,250.0,0.02394464,0.2972412,731.3333,32.9082031
523.0,250.0,0.0316914357,0.2987671,732.8,33.1777344
524.0,250.0,0.0309871826,0.285644531,734.266663,33.4394531
525.0,250.0,0.03239569,0.2975464,735.733337,33.70703
526.0,250.0,0.0232403874,0.3100586,737.2,33.9707031
527.0,250.0,0.0281701647,0.317688,738.6667,34.2207031
528.0,250.0,0.02887442,0.2984619,740.266663,34.4726563
529.0,250.0,0.02394464,0.2975464,741.733337,34.75586
530.0,250.0,0.0295786746,0.298156738,743.2,35.0292969
531.0,250.0,0.0309871826,0.297851563,744.6667,35.3085938
532.0,250.0,0.0316914357,0.296936035,746.133362,35.5839844
533.0,250.0,0.0246488955,0.318603516,747.6,35.859375
534.0,250.0,0.0232403874,0.319213867,749.2,36.2460938
535.0,250.0,0.0267616566,0.297851563,750.6667,36.5410156
536.0,250.0,0.0260574035,0.3100586,752.133362,36.8164063
537.0,250.0,0.0225361325,0.307006836,753.6,37.08789
538.0,250.0,0.0267616566,0.2984619,755.06665,37.35742
539.0,250.0,0.02887442,0.298156738,756.6667,37.6347656
540.0,250.0,0.0295786746,0.3161621,758.133362,37.9023438
541.0,250.0,0.0387339778,0.318603516,759.6,38.140625
542.0,250.0,0.02887442,0.2975464,761.06665,38.4023438
543.0,250.0,0.0281701647,0.319213867,762.5333,38.66797
544.0,250.0,0.0246488955,0.319519043,764.0,38.953125
545.0,250.0,0.0253531486,0.298156738,765.6,39.2285156
546.0,250.0,0.0253531486,0.296325684,767.06665,39.50586
547.0,250.0,0.02887442,0.2987671,768.5333,39.7910156
548.0,250.0,0.0232403874,0.2975464,770.0,40.15625
549.0,250.0,0.0309871826,0.2972412,771.4667,40.44922
550.0,250.0,0.0295786746,0.2972412,772.93335,40.71875
551.0,250.0,0.0176063534,0.2975464,774.5333,40.9765625
552.0,250.0,0.0274659116,0.2975464,776.0,41.26172
553.0,250.0,0.0218318775,0.2972412,777.4667,41.5292969
554.0,250.0,0.0253531486,0.2972412,778.93335,41.78125
555.0,250.0,0.0246488955,0.296936035,780.4,42.03711
556.0,250.0,0.03450845,0.276489258,782.0,42.296875
557.0,250.0,0.0302829277,0.2947998,783.4667,42.5625
558.0,250.0,0.0190148614,0.2972412,784.93335,42.83789
559.0,250.0,0.0190148614,0.296936035,786.4,43.1015625
560.0,250.0,0.0197191164,0.296630859,787.866638,43.38086
561.0,250.0,0.0169021,0.298156738,789.3333,43.6484375
562.0,250.0,0.0197191164,0.317993164,790.93335,44.0390625
563.0,250.0,0.0302829277,0.30670166,792.4,44.3027344
564.0,250.0,0.02394464,0.2975464,793.866638,44.5703125
565.0,250.0,0.02394464,0.3189087,795.3333,44.8515625
566.0,250.0,0.0176063534,0.306396484,796.8,45.1152344
567.0,250.0,0.0232403874,0.297851563,798.266663,45.3828125
568.0,250.0,0.0225361325,0.31829834,799.866638,45.65625
569.0,250.0,0.0253531486,0.318603516,801.3333,45.9140625
570.0,250.0,0.0225361325,0.296630859,802.8,46.1523438
571.0,250.0,0.02887442,0.3164673,804.266663,46.41211
572.0,250.0,0.02042337,0.32043457,805.733337,46.6777344
573.0,250.0,0.0260574035,0.319213867,807.2,46.94336
574.0,250.0,0.0352127068,0.299682617,808.8,47.2226563
575.0,250.0,0.0309871826,0.298156738,810.266663,47.5
576.0,250.0,0.0140850823,0.2975464,811.733337,47.78125
577.0,250.0,0.0232403874,0.2972412,813.2,48.0917969
578.0,250.0,0.0380297229,0.2972412,814.6667,48.3671875
579.0,250.0,0.0190148614,0.297851563,816.133362,48.6269531
580.0,250.0,0.0218318775,0.298156738,817.733337,48.90039
581.0,250.0,0.0274659116,0.2984619,819.2,49.17383
582.0,250.0,0.0302829277,0.2984619,820.6667,49.4375
583.0,250.0,0.0197191164,0.297851563,822.133362,49.70703
584.0,250.0,0.0281701647,0.2972412,823.6,49.9589844
585.0,250.0,0.0190148614,0.297851563,825.2,50.20703
586.0,250.0,0.0330999456,0.296936035,826.6667,50.4726563
587.0,250.0,0.0281701647,0.297851563,828.133362,50.734375
588.0,250.0,0.02394464,0.2972412,829.6,51.01172
589.0,250.0,0.0183106083,0.297851563,831.06665,51.28711
590.0,250.0,0.0246488955,0.296936035,832.5333,51.5703125
591.0,250.0,0.0253531486,0.2984619,834.133362,51.84375
592.0,250.0,0.0154935913,0.319213867,835.6,52.1523438
593.0,250.0,0.0274659116,0.31829834,837.06665,52.42578
594.0,250.0,0.0309871826,0.318603516,838.5333,52.69336
595.0,250.0,0.0190148614,0.319213867,840.0,52.98047
596.0,250.0,0.004225525,0.3189087,841.4667,53.25586
597.0,250.0,0.02887442,0.30670166,843.06665,53.5390625
598.0,250.0,0.0218318775,0.2975464,844.5333,53.796875
599.0,250.0,0.0211276244,0.3100586,846.0,54.05664
600.0,250.0,0.0246488955,0.31829834,847.4667,54.3203125
601.0,250.0,0.03450845,0.3189087,848.93335,54.6015625
602.0,250.0,0.02394464,0.31829834,850.4,54.88086
603.0,250.0,0.0225361325,0.319824219,852.0,55.17578
604.0,250.0,0.0267616566,0.3189087,853.4667,55.4707031
605.0,250.0,0.0246488955,0.2984619,854.93335,55.76367
606.0,250.0,0.0225361325,0.2984619,856.4,55.9960938
607.0,250.0,0.0281701647,0.316772461,857.866638,56.2480469
608.0,250.0,0.0338042,0.2972412,859.3333,56.53711
609.0,250.0,0.0232403874,0.2975464,860.93335,56.8203125
610.0,250.0,0.0225361325,0.3164673,862.4,57.11328
611.0,250.0,0.0302829277,0.3076172,863.866638,57.4101563
612.0,250.0,0.0302829277,0.298156738,865.3333,57.67383
613.0,250.0,0.009155304,0.309753418,866.8,57.9414063
614.0,250.0,0.0197191164,0.307006836,868.4,58.20508
615.0,250.0,0.0253531486,0.2798462,869.866638,58.4707031
616.0,250.0,0.0218318775,0.287780762,871.3333,58.7402344
617.0,250.0,0.02042337,0.298156738,872.8,59.01367
618.0,250.0,0.0253531486,0.299377441,874.266663,59.29492
619.0,250.0,0.0309871826,0.2972412,875.733337,59.5722656
620.0,250.0,0.0197191164,0.309753418,877.3333,59.8515625
621.0,250.0,0.02394464,0.318603516,878.8,60.0234375
622.0,250.0,0.0281701647,0.299682617,880.266663,60.2597656
623.0,250.0,0.0246488955,0.298156738,881.733337,60.515625
624.0,250.0,0.0197191164,0.319213867,883.2,60.7910156
625.0,250.0,0.0260574035,0.319213867,884.6667,61.05664
626.0,250.0,0.0218318775,0.317993164,886.266663,61.33008
627.0,250.0,0.0218318775,0.319213867,887.733337,61.6015625
628.0,250.0,0.02887442,0.318603516,889.2,61.85547
629.0,250.0,0.0218318775,0.318603516,890.6667,62.0917969
630.0,250.0,0.02042337,0.318603516,892.133362,62.36133
631.0,250.0,0.02887442,0.318603516,893.6,62.640625
632.0,250.0,0.0190148614,0.319519043,895.2,62.91992
633.0,250.0,0.0169021,0.318603516,896.6667,63.2109375
634.0,250.0,0.0246488955,0.318603516,898.133362,63.5273438
635.0,250.0,0.0309871826,0.300292969,899.6,63.82422
636.0,250.0,0.0211276244,0.3189087,901.06665,63.98828
637.0,250.0,0.0225361325,0.3189087,902.5333,63.9980469
638.0,250.0,0.0281701647,0.318603516,904.133362,63.9980469
639.0,250.0,0.0302829277,0.297851563,905.6,63.9980469
640.0,250.0,0.02042337,0.298156738,907.06665,63.9980469
641.0,250.0,0.0232403874,0.298156738,908.5333,63.9980469
642.0,250.0,0.0302829277,0.296936035,910.0,63.9980469
643.0,250.0,0.0295786746,0.297851563,911.6,63.9980469
644.0,250.0,0.0267616566,0.2975464,913.06665,63.9980469
645.0,250.0,0.0267616566,0.297851563,914.5333,63.9980469
646.0,250.0,0.0267616566,0.298156738,916.0,63.9980469
647.0,250.0,0.0267616566,0.285644531,917.4667,63.9980469
648.0,250.0,0.03239569,0.29510498,918.93335,63.9980469
649.0,250.0,0.03239569,0.2975464,920.5333,63.9980469
650.0,250.0,0.0183106083,0.2972412,922.0,63.9980469
651.0,250.0,0.0232403874,0.2975464,923.4667,63.9980469
652.0,250.0,0.0316914357,0.2972412,924.93335,63.9980469
653.0,250.0,0.0281701647,0.296630859,926.4,63.9980469
654.0,250.0,0.0176063534,0.2975464,927.866638,63.9980469
655.0,250.0,0.0183106083,0.297851563,929.4667,63.9980469
656.0,250.0,0.0274659116,0.3100586,930.93335,63.9980469
657.0,250.0,0.0232403874,0.297851563,932.4,63.9980469
658.0,250.0,0.0218318775,0.315856934,933.866638,63.9980469
659.0,250.0,0.0225361325,0.319213867,935.3333,63.9980469
660.0,250.0,0.0246488955,0.319213867,936.8,63.9980469
661.0,250.0,0.0232403874,0.312194824,938.4,63.9980469
662.0,250.0,0.0225361325,0.318603516,939.866638,63.9980469
663.0,250.0,0.0225361325,0.325622559,941.3333,63.9980469
664.0,250.0,0.0267616566,0.307312,942.8,63.9980469
665.0,250.0,0.0309871826,0.305786133,944.266663,63.9980469
666.0,250.0,0.0225361325,0.3100586,945.733337,63.9980469
667.0,250.0,0.0232403874,0.3189087,947.3333,63.9980469
668.0,250.0,0.0295786746,0.300598145,948.8,63.9980469
669.0,250.0,0.0197191164,0.309753418,950.266663,63.9980469
670.0,250.0,0.0154935913,0.3189087,951.733337,63.9980469
671.0,250.0,0.03591696,0.3060913,953.2,63.9980469
672.0,250.0,0.0338042,0.2972412,954.8,63.9980469
673.0,250.0,0.0225361325,0.318603516,956.266663,63.9980469
674.0,250.0,0.0232403874,0.318603516,957.733337,63.9980469
675.0,250.0,0.03239569,0.2972412,959.2,63.9980469
676.0,250.0,0.0176063534,0.296936035,960.6667,63.9980469
677.0,250.0,0.0218318775,0.3164673,962.133362,63.9980469
678.0,250.0,0.0436637551,0.307006836,963.733337,63.9980469
679.0,250.0,0.0401424877,0.297851563,965.2,63.9980469
680.0,250.0,0.009859558,0.309448242,966.6667,63.9980469
681.0,250.0,0.0338042,0.307006836,968.133362,63.9980469
682.0,250.0,0.0309871826,0.285644531,969.6,63.9980469
683.0,250.0,0.0232403874,0.294494629,971.06665,63.9980469
684.0,250.0,0.007042541,0.309448242,972.6667,63.9980469
685.0,250.0,0.0352127068,0.2984619,974.133362,63.9980469
686.0,250.0,0.0415509939,0.276184082,975.6,63.9980469
687.0,250.0,0.0161978453,0.309753418,977.06665,63.9980469
688.0,250.0,0.0147893373,0.318603516,978.5333,63.9980469
689.0,250.0,0.0260574035,0.299682617,980.133362,63.9980469
690.0,250.0,0.0183106083,0.2886963,981.6,63.9980469
691.0,250.0,0.006338287,0.317993164,983.06665,63.9980469
692.0,250.0,0.0338042,0.318603516,984.5333,63.9980469
693.0,250.0,0.0436637551,0.2987671,986.0,63.9980469
694.0,250.0,0.0211276244,0.3277588,987.4667,63.9980469
695.0,250.0,0.00140850828,0.334472656,989.06665,63.9980469
696.0,250.0,0.0373254679,0.30670166,990.5333,63.9980469
697.0,250.0,0.0147893373,0.2984619,992.0,63.9980469
698.0,250.0,0.02042337,0.319213867,993.4667,63.9980469
699.0,250.0,0.0225361325,0.3189087,994.93335,63.9980469
700.0,250.0,0.04225525,0.3100586,996.4,63.9980469
701.0,250.0,0.045072265,0.31829834,997.866638,63.9980469
702.0,250.0,0.0140850823,0.334777832,999.4667,63.9980469
703.0,250.0,0.0211276244,0.3265381,1000.93335,63.9980469
704.0,250.0,0.02042337,0.297851563,1002.4,63.9980469
705.0,250.0,0.0246488955,0.296630859,1003.86664,63.9980469
706.0,250.0,0.02042337,0.2972412,1005.33331,63.9980469
707.0,250.0,0.02394464,0.318603516,1006.93335,63.9980469
708.0,250.0,0.0338042,0.319213867,1008.4,63.9980469
709.0,250.0,0.02887442,0.3189087,1009.86664,63.9980469
710.0,250.0,0.0218318775,0.307006836,1011.33331,63.9980469
711.0,250.0,0.0253531486,0.296630859,1012.8,63.9980469
712.0,250.0,0.0281701647,0.296936035,1014.26666,63.9980469
713.0,250.0,0.0302829277,0.315856934,1015.86664,63.9980469
714.0,250.0,0.0274659116,0.307312,1017.33331,63.9980469
715.0,250.0,0.0267616566,0.298156738,1018.8,63.9980469
716.0,250.0,0.0253531486,0.296630859,1020.26666,63.9980469
717.0,250.0,0.0295786746,0.298156738,1021.73334,63.9980469
718.0,250.0,0.0267616566,0.297851563,1023.2,63.9980469
719.0,250.0,0.0197191164,0.309448242,1024.8,63.9980469
720.0,250.0,0.0211276244,0.31829834,1026.26672,63.9980469
721.0,250.0,0.0281701647,0.307312,1027.73328,63.9980469
722.0,250.0,0.0260574035,0.315856934,1029.2,63.9980469
723.0,250.0,0.0190148614,0.318603516,1030.66663,63.9980469
724.0,250.0,0.02887442,0.31829834,1032.26672,63.9980469
725.0,250.0,0.02394464,0.2984619,1033.73328,63.9980469
726.0,250.0,0.0225361325,0.318603516,1035.2,63.9980469
727.0,250.0,0.0302829277,0.31829834,1036.66663,63.9980469
728.0,250.0,0.0232403874,0.319519043,1038.1333,63.9980469
729.0,250.0,0.02394464,0.3274536,1039.6,63.9980469
730.0,250.0,0.0260574035,0.3189087,1041.2,63.9980469
731.0,250.0,0.0281701647,0.3189087,1042.66663,63.9980469
732.0,250.0,0.0281701647,0.3189087,1044.1333,63.9980469
733.0,250.0,0.0211276244,0.3277588,1045.6,63.9980469
734.0,250.0,0.0260574035,0.325927734,1047.06665,63.9980469
735.0,250.0,0.02887442,0.307312,1048.53333,63.9980469
736.0,250.0,0.0352127068,0.315856934,1050.1333,63.9980469
737.0,250.0,0.0154935913,0.318603516,1051.6,63.9980469
738.0,250.0,0.0225361325,0.300598145,1053.06665,63.9980469
739.0,250.0,0.0246488955,0.297851563,1054.53333,63.9980469
740.0,250.0,0.0274659116,0.298156738,1056.0,63.9980469
741.0,250.0,0.0232403874,0.31829834,1057.46667,63.9980469
742.0,250.0,0.02887442,0.3164673,1059.06665,63.9980469
743.0,250.0,0.0309871826,0.297851563,1060.53333,63.9980469
744.0,250.0,0.0190148614,0.297851563,1062.0,63.9980469
745.0,250.0,0.02394464,0.2972412,1063.46667,63.9980469
746.0,250.0,0.0232403874,0.2984619,1064.93335,63.9980469
747.0,250.0,0.0253531486,0.2975464,1066.53333,63.9980469
748.0,250.0,0.0218318775,0.297851563,1068.0,63.9980469
749.0,250.0,0.0338042,0.298156738,1069.46667,63.9980469
750.0,250.0,0.0302829277,0.2984619,1070.93335,63.9980469
751.0,250.0,0.0281701647,0.2972412,1072.4,63.9980469
752.0,250.0,0.0225361325,0.31829834,1073.8667,63.9980469
753.0,250.0,0.0316914357,0.3189087,1075.46667,63.9980469
754.0,250.0,0.0260574035,0.31829834,1076.93335,63.9980469
755.0,250.0,0.0253531486,0.31829834,1078.4,63.9980469
756.0,250.0,0.03239569,0.3189087,1079.8667,63.9980469
757.0,250.0,0.0338042,0.31036377,1081.33337,63.9980469
758.0,250.0,0.0253531486,0.31829834,1082.8,63.9980469
759.0,250.0,0.0211276244,0.318603516,1084.4,63.9980469
760.0,250.0,0.0260574035,0.319519043,1085.8667,63.9980469
761.0,250.0,0.0274659116,0.318603516,1087.33337,63.9980469
762.0,250.0,0.0302829277,0.31829834,1088.8,63.9980469
763.0,250.0,0.0281701647,0.318603516,1090.26672,63.9980469
764.0,250.0,0.0295786746,0.3189087,1091.73328,63.9980469
765.0,250.0,0.02394464,0.319519043,1093.33337,63.9980469
766.0,250.0,0.02042337,0.318603516,1094.8,63.9980469
767.0,250.0,0.0169021,0.2975464,1096.26672,63.9980469
768.0,250.0,0.02394464,0.297851563,1097.73328,63.9980469
769.0,250.0,0.0218318775,0.2984619,1099.2,63.9980469
770.0,250.0,0.0253531486,0.28503418,1100.66663,63.9980469
771.0,250.0,0.0232403874,0.315551758,1102.26672,63.9980469
772.0,250.0,0.0218318775,0.31829834,1103.73328,63.9980469
773.0,250.0,0.0281701647,0.319824219,1105.2,63.9980469
774.0,250.0,0.0154935913,0.2999878,1106.66663,63.9980469
775.0,250.0,0.02394464,0.3088379,1108.1333,63.9980469
776.0,250.0,0.0126765743,0.297851563,1109.73328,63.9980469
777.0,250.0,0.0211276244,0.297851563,1111.2,63.9980469
778.0,250.0,0.0197191164,0.309143066,1112.66663,63.9980469
779.0,250.0,0.0281701647,0.311889648,1114.1333,63.9980469
780.0,250.0,0.0232403874,0.318603516,1115.6,63.9980469
781.0,250.0,0.0225361325,0.319213867,1117.06665,63.9980469
782.0,250.0,0.0225361325,0.3189087,1118.66663,63.9980469
783.0,250.0,0.0260574035,0.3076172,1120.1333,63.9980469
784.0,250.0,0.0197191164,0.2972412,1121.6,63.9980469
785.0,250.0,0.02394464,0.318603516,1123.06665,63.9980469
786.0,250.0,0.0260574035,0.319213867,1124.53333,63.9980469
787.0,250.0,0.02887442,0.319213867,1126.0,63.9980469
788.0,250.0,0.0281701647,0.317993164,1127.6,63.9980469
789.0,250.0,0.0338042,0.319213867,1129.06665,63.9980469
790.0,250.0,0.03591696,0.318603516,1130.53333,63.9980469
791.0,250.0,0.0225361325,0.328063965,1132.0,63.9980469
792.0,250.0,0.0302829277,0.319519043,1133.46667,63.9980469
793.0,250.0,0.0366212167,0.318603516,1134.93335,63.9980469
794.0,250.0,0.04577652,0.319213867,1136.53333,63.9980469
795.0,250.0,0.0281701647,0.319824219,1138.0,63.9980469
796.0,250.0,0.0394382328,0.31829834,1139.46667,63.9980469
797.0,250.0,0.0309871826,0.299072266,1140.93335,63.9980469
798.0,250.0,0.0267616566,0.299682617,1142.4,63.9980469
799.0,250.0,0.0140850823,0.297851563,1144.0,63.9980469
800.0,250.0,0.0330999456,0.2972412,1145.46667,63.9980469
801.0,250.0,0.0260574035,0.2972412,1146.93335,63.9980469
802.0,250.0,0.02887442,0.2972412,1148.4,63.9980469
803.0,250.0,0.0253531486,0.2975464,1149.8667,63.9980469
804.0,250.0,0.03591696,0.318603516,1151.33337,63.9980469
805.0,250.0,0.0330999456,0.298156738,1152.93335,63.9980469
806.0,250.0,0.0211276244,0.3161621,1154.4,63.9980469
807.0,250.0,0.0260574035,0.318603516,1155.8667,63.9980469
808.0,250.0,0.0274659116,0.2984619,1157.33337,63.9980469
809.0,250.0,0.0267616566,0.295715332,1158.8,63.9980469
810.0,250.0,0.02887442,0.31829834,1160.26672,63.9980469
811.0,250.0,0.02394464,0.318603516,1161.8667,63.9980469
812.0,250.0,0.0246488955,0.318603516,1163.33337,63.9980469
813.0,250.0,0.0267616566,0.319213867,1164.8,63.9980469
814.0,250.0,0.0274659116,0.319213867,1166.26672,63.9980469
815.0,250.0,0.0176063534,0.319519043,1167.73328,63.9980469
816.0,250.0,0.0274659116,0.319519043,1169.2,63.9980469
817.0,250.0,0.0232403874,0.317993164,1170.8,63.9980469
818.0,250.0,0.02042337,0.319213867,1172.26672,63.9980469
819.0,250.0,0.0161978453,0.3189087,1173.73328,63.9980469
820.0,250.0,0.0267616566,0.319213867,1175.2,63.9980469
821.0,250.0,0.0225361325,0.3189087,1176.66663,63.9980469
822.0,250.0,0.0232403874,0.317993164,1178.1333,63.9980469
823.0,250.0,0.0253531486,0.319213867,1179.73328,63.9980469
824.0,250.0,0.02887442,0.3189087,1181.2,63.9980469
825.0,250.0,0.0260574035,0.317993164,1182.66663,63.9980469
826.0,250.0,0.0197191164,0.318603516,1184.1333,63.9980469
827.0,250.0,0.0281701647,0.300598145,1185.6,63.9980469
828.0,250.0,0.0295786746,0.2972412,1187.2,63.9980469
829.0,250.0,0.0281701647,0.297851563,1188.66663,63.9980469
830.0,250.0,0.0197191164,0.296630859,1190.1333,63.9980469
831.0,250.0,0.03450845,0.318603516,1191.6,63.9980469
832.0,250.0,0.0338042,0.2984619,1193.06665,63.9980469
833.0,250.0,0.0302829277,0.3100586,1194.53333,63.9980469
834.0,250.0,0.02394464,0.296630859,1196.1333,63.9980469
835.0,250.0,0.02887442,0.2972412,1197.6,63.9980469
836.0,250.0,0.02887442,0.2975464,1199.06665,63.9980469
837.0,250.0,0.0225361325,0.2972412,1200.53333,63.9980469
838.0,250.0,0.0246488955,0.296936035,1202.0,63.9980469
839.0,250.0,0.0352127068,0.2975464,1203.46667,63.9980469
840.0,250.0,0.0338042,0.2984619,1205.06665,63.9980469
841.0,250.0,0.0147893373,0.2911377,1206.53333,63.9980469
842.0,250.0,0.0309871826,0.2972412,1208.0,63.9980469
843.0,250.0,0.0232403874,0.2984619,1209.46667,63.9980469
844.0,250.0,0.02887442,0.298156738,1210.93335,63.9980469
845.0,250.0,0.02042337,0.2975464,1212.53333,63.9980469
846.0,250.0,0.0302829277,0.296630859,1214.0,63.9980469
847.0,250.0,0.0225361325,0.297851563,1215.46667,63.9980469
848.0,250.0,0.0253531486,0.2984619,1216.93335,63.9980469
849.0,250.0,0.02042337,0.3189087,1218.4,63.9980469
850.0,250.0,0.0225361325,0.317993164,1219.8667,63.9980469
851.0,250.0,0.0133808283,0.2984619,1221.46667,63.9980469
852.0,250.0,0.0126765743,0.3189087,1222.93335,63.9980469
853.0,250.0,0.02394464,0.319824219,1224.4,63.9980469
854.0,250.0,0.0352127068,0.2975464,1225.8667,63.9980469
855.0,250.0,0.0260574035,0.317993164,1227.33337,63.9980469
856.0,250.0,0.0133808283,0.334777832,1228.8,63.9980469
857.0,250.0,0.0246488955,0.3265381,1230.4,63.9980469
858.0,250.0,0.0253531486,0.319213867,1231.8667,63.9980469
859.0,250.0,0.0169021,0.2972412,1233.33337,63.9980469
860.0,250.0,0.0253531486,0.315856934,1234.8,63.9980469
861.0,250.0,0.0464807749,0.2987671,1236.26672,63.9980469
862.0,250.0,0.0521148071,0.318603516,1237.73328,63.9980469
863.0,250.0,0.04788928,0.333251953,1239.33337,63.9980469
864.0,250.0,0.06338287,0.335693359,1240.8,63.9980469
865.0,250.0,0.04225525,0.334472656,1242.26672,63.9980469
866.0,250.0,0.0352127068,0.328369141,1243.73328,63.9980469
867.0,250.0,0.0366212167,0.3189087,1245.2,63.9980469
868.0,250.0,0.0556360781,0.300292969,1246.66663,63.9980469
869.0,250.0,0.06267862,0.319213867,1248.26672,63.9980469
870.0,250.0,0.05634033,0.327148438,1249.73328,63.9980469
871.0,250.0,0.06408713,0.3363037,1251.2,63.9980469
872.0,250.0,0.0690169,0.319213867,1252.66663,63.9980469
873.0,250.0,0.0535233133,0.318603516,1254.1333,63.9980469
874.0,250.0,0.04929779,0.3338623,1255.6,63.9980469
875.0,250.0,0.0535233133,0.32043457,1257.2,63.9980469
876.0,250.0,0.05774884,0.319213867,1258.66663,63.9980469
877.0,250.0,0.04577652,0.3274536,1260.1333,63.9980469
878.0,250.0,0.05634033,0.334777832,1261.6,63.9980469
879.0,250.0,0.0464807749,0.319824219,1263.06665,63.9980469
880.0,250.0,0.04929779,0.3326416,1264.53333,63.9980469
881.0,250.0,0.04225525,0.3555298,1266.1333,63.9980469
882.0,250.0,0.04084674,0.344543457,1267.6,63.9980469
883.0,250.0,0.0394382328,0.3363037,1269.06665,63.9980469
884.0,250.0,0.03239569,0.335998535,1270.53333,63.9980469
885.0,250.0,0.0401424877,0.334472656,1272.0,63.9980469
886.0,250.0,0.03239569,0.335693359,1273.46667,63.9980469
887.0,250.0,0.0366212167,0.335388184,1275.06665,63.9980469
888.0,250.0,0.0218318775,0.335693359,1276.53333,63.9980469
889.0,250.0,0.0380297229,0.319519043,1278.0,63.9980469
890.0,250.0,0.048593536,0.316772461,1279.46667,63.9980469
891.0,250.0,0.04577652,0.334777832,1280.93335,63.9980469
892.0,250.0,0.0415509939,0.335388184,1282.4,63.9980469
893.0,250.0,0.045072265,0.335083,1284.0,63.9980469
894.0,250.0,0.0570445843,0.318603516,1285.46667,63.9980469
895.0,250.0,0.0584530942,0.335693359,1286.93335,63.9980469
896.0,250.0,0.0521148071,0.335083,1288.4,63.9980469
897.0,250.0,0.0570445843,0.3338623,1289.8667,63.9980469
898.0,250.0,0.05634033,0.334472656,1291.46667,63.9980469
899.0,250.0,0.0521148071,0.335693359,1292.93335,63.9980469
900.0,250.0,0.04929779,0.335388184,1294.4,63.9980469
901.0,250.0,0.05634033,0.335083,1295.8667,63.9980469
902.0,250.0,0.06408713,0.335388184,1297.33337,63.9980469
903.0,250.0,0.04788928,0.319519043,1298.8,63.9980469
904.0,250.0,0.0507062972,0.319213867,1300.4,63.9980469
905.0,250.0,0.0556360781,0.3189087,1301.8667,63.9980469
906.0,250.0,0.05422757,0.319824219,1303.33337,63.9980469
907.0,250.0,0.0394382328,0.323486328,1304.8,63.9980469
908.0,250.0,0.05634033,0.31829834,1306.26672,63.9980469
909.0,250.0,0.0605658554,0.334777832,1307.73328,63.9980469
910.0,250.0,0.04788928,0.334777832,1309.33337,63.9980469
911.0,250.0,0.0415509939,0.335693359,1310.8,63.9980469
912.0,250.0,0.0507062972,0.3189087,1312.26672,63.9980469
913.0,250.0,0.0500020422,0.335083,1313.73328,63.9980469
914.0,250.0,0.0316914357,0.335693359,1315.2,63.9980469
915.0,250.0,0.05422757,0.335083,1316.66663,63.9980469
916.0,250.0,0.0619743653,0.335083,1318.26672,63.9980469
917.0,250.0,0.0584530942,0.3564453,1319.73328,63.9980469
918.0,250.0,0.0338042,0.357055664,1321.2,63.9980469
919.0,250.0,0.0500020422,0.3567505,1322.66663,63.9980469
920.0,250.0,0.05915735,0.335693359,1324.1333,63.9980469
921.0,250.0,0.0535233133,0.335693359,1325.6,63.9980469
922.0,250.0,0.0514105521,0.3564453,1327.2,63.9980469
923.0,250.0,0.052819062,0.3567505,1328.66663,63.9980469
924.0,250.0,0.06549563,0.344848633,1330.1333,63.9980469
925.0,250.0,0.06408713,0.335388184,1331.6,63.9980469
926.0,250.0,0.0619743653,0.3540039,1333.06665,63.9980469
927.0,250.0,0.0570445843,0.3555298,1334.53333,63.9980469
928.0,250.0,0.07042541,0.335693359,1336.1333,63.9980469
929.0,250.0,0.06267862,0.324707031,1337.6,63.9980469
930.0,250.0,0.04929779,0.335388184,1339.06665,63.9980469
931.0,250.0,0.0570445843,0.325317383,1340.53333,63.9980469
932.0,250.0,0.06338287,0.319519043,1342.0,63.9980469
933.0,250.0,0.0584530942,0.335083,1343.6,63.9980469
934.0,250.0,0.052819062,0.334472656,1345.06665,63.9980469
935.0,250.0,0.06338287,0.319213867,1346.53333,63.9980469
936.0,250.0,0.0676084,0.319213867,1348.0,63.9980469
937.0,250.0,0.06479138,0.318603516,1349.46667,63.9980469
938.0,250.0,0.0619743653,0.319213867,1350.93335,63.9980469
939.0,250.0,0.06972116,0.319519043,1352.53333,63.9980469
940.0,250.0,0.0605658554,0.3189087,1354.0,63.9980469
941.0,250.0,0.05774884,0.335083,1355.46667,63.9980469
942.0,250.0,0.07042541,0.334472656,1356.93335,63.9980469
943.0,250.0,0.0760594457,0.330810547,1358.4,63.9980469
944.0,250.0,0.0584530942,0.334472656,1359.8667,63.9980469
945.0,250.0,0.06267862,0.33416748,1361.46667,63.9980469
946.0,250.0,0.0753551945,0.335693359,1362.93335,63.9980469
947.0,250.0,0.0725381747,0.335388184,1364.4,63.9980469
948.0,250.0,0.0584530942,0.355834961,1365.8667,63.9980469
949.0,250.0,0.0711296648,0.337219238,1367.33337,63.9980469
950.0,250.0,0.07817221,0.335693359,1368.8,63.9980469
951.0,250.0,0.06479138,0.355834961,1370.4,63.9980469
952.0,250.0,0.06619989,0.355834961,1371.8667,63.9980469
953.0,250.0,0.0739466846,0.3567505,1373.33337,63.9980469
954.0,250.0,0.07958072,0.357666016,1374.8,63.9980469
955.0,250.0,0.07324243,0.3567505,1376.26672,63.9980469
956.0,250.0,0.0725381747,0.355834961,1377.73328,63.9980469
957.0,250.0,0.06831265,0.357055664,1379.33337,63.9980469
958.0,250.0,0.0598616,0.3564453,1380.8,63.9980469
959.0,250.0,0.0753551945,0.355834961,1382.26672,63.9980469
960.0,250.0,0.06619989,0.335693359,1383.73328,63.9980469
961.0,250.0,0.0767637044,0.3564453,1385.2,63.9980469
962.0,250.0,0.0774679556,0.3567505,1386.66663,63.9980469
963.0,250.0,0.0760594457,0.336914063,1388.26672,63.9980469
964.0,250.0,0.0767637044,0.3363037,1389.73328,63.9980469
965.0,250.0,0.08098923,0.3552246,1391.2,63.9980469
966.0,250.0,0.06972116,0.3555298,1392.66663,63.9980469
967.0,250.0,0.05774884,0.335998535,1394.1333,63.9980469
968.0,250.0,0.06972116,0.335388184,1395.73328,63.9980469
969.0,250.0,0.08732751,0.335083,1397.2,63.9980469
970.0,250.0,0.0753551945,0.335083,1398.66663,63.9980469
971.0,250.0,0.0619743653,0.355834961,1400.1333,63.9980469
972.0,250.0,0.0725381747,0.355834961,1401.6,63.9980469
973.0,250.0,0.0746509358,0.335998535,1403.06665,63.9980469
974.0,250.0,0.06690414,0.334472656,1404.66663,63.9980469
975.0,250.0,0.0605658554,0.356140137,1406.1333,63.9980469
976.0,250.0,0.06690414,0.3451538,1407.6,63.9980469
977.0,250.0,0.05422757,0.335388184,1409.06665,63.9980469
978.0,250.0,0.0521148071,0.335083,1410.53333,63.9980469
979.0,250.0,0.0549318232,0.334777832,1412.0,63.9980469
980.0,250.0,0.05634033,0.3265381,1413.6,63.9980469
981.0,250.0,0.0394382328,0.326843262,1415.06665,63.9980469
982.0,250.0,0.0295786746,0.32043457,1416.53333,63.9980469
983.0,250.0,0.02394464,0.300292969,1418.0,63.9980469
984.0,250.0,0.0169021,0.2975464,1419.46667,63.9980469
985.0,250.0,0.0112680662,0.2975464,1421.06665,63.9980469
986.0,250.0,0.0211276244,0.297851563,1422.53333,63.9980469
987.0,250.0,0.02887442,0.297851563,1424.0,63.9980469
988.0,250.0,0.02887442,0.2975464,1425.46667,63.9980469
989.0,250.0,0.0309871826,0.298156738,1426.93335,63.9980469
990.0,250.0,0.0338042,0.3161621,1428.53333,63.9980469
991.0,250.0,0.0373254679,0.319213867,1430.0,63.9980469
992.0,250.0,0.0309871826,0.319824219,1431.46667,63.9980469
993.0,250.0,0.0253531486,0.319824219,1432.93335,63.9980469
994.0,250.0,0.0232403874,0.3189087,1434.4,63.9980469
995.0,250.0,0.0316914357,0.2984619,1435.8667,63.9980469
996.0,250.0,0.0338042,0.297851563,1437.46667,63.9980469
997.0,250.0,0.02394464,0.318603516,1438.93335,63.9980469
998.0,250.0,0.0225361325,0.318603516,1440.4,63.9980469
999.0,250.0,0.02887442,0.2987671,1441.8667,63.9980469
1000.0,250.0,0.0253531486,0.2984619,1443.33337,63.9980469
1001.0,250.0,0.0218318775,0.317688,1444.8,63.9980469
1002.0,250.0,0.0246488955,0.300292969,1446.4,63.9980469
1003.0,250.0,0.03591696,0.316772461,1447.8667,63.9980469
1004.0,250.0,0.0267616566,0.318603516,1449.33337,63.9980469
1005.0,250.0,0.0246488955,0.318603516,1450.8,63.9980469
1006.0,250.0,0.0295786746,0.2972412,1452.26672,63.9980469
1007.0,250.0,0.03450845,0.297851563,1453.8667,63.9980469
1008.0,250.0,0.0394382328,0.2972412,1455.33337,63.9980469
1009.0,250.0,0.0415509939,0.308227539,1456.8,63.9980469
1010.0,250.0,0.04084674,0.31829834,1458.26672,63.9980469
1011.0,250.0,0.0429595038,0.324707031,1459.73328,63.9980469
1012.0,250.0,0.04225525,0.3201294,1461.2,63.9980469
1013.0,250.0,0.0436637551,0.318603516,1462.8,63.9980469
1014.0,250.0,0.0739466846,0.318603516,1464.26672,63.9980469
1015.0,250.0,0.08944028,0.3338623,1465.73328,63.9980469
1016.0,250.0,0.0753551945,0.356140137,1467.2,63.9980469
1017.0,250.0,0.0690169,0.3765869,1468.66663,63.9980469
1018.0,250.0,0.08098923,0.35949707,1470.1333,63.9980469
1019.0,250.0,0.06408713,0.357055664,1471.6,63.9980469
1020.0,250.0,0.05915735,0.3564453,1473.2,63.9980469
1021.0,250.0,0.08169348,0.3564453,1474.66663,63.9980469
1022.0,250.0,0.07958072,0.357055664,1476.1333,63.9980469
1023.0,250.0,0.06408713,0.35736084,1477.6,63.9980469
1024.0,250.0,0.06408713,0.376281738,1479.06665,63.9980469
1025.0,250.0,0.06338287,0.344848633,1480.53333,63.9980469
1026.0,250.0,0.0598616,0.334472656,1482.1333,63.9980469
1027.0,250.0,0.0598616,0.335083,1483.6,63.9980469
1028.0,250.0,0.0746509358,0.334777832,1485.06665,63.9980469
1029.0,250.0,0.0676084,0.335388184,1486.53333,63.9980469
1030.0,250.0,0.07324243,0.334777832,1488.0,63.9980469
1031.0,250.0,0.0521148071,0.335083,1489.6,63.9980469
1032.0,250.0,0.0570445843,0.335693359,1491.06665,63.9980469
1033.0,250.0,0.0619743653,0.3201294,1492.53333,63.9980469
1034.0,250.0,0.05422757,0.3189087,1494.0,63.9980469
1035.0,250.0,0.04577652,0.334472656,1495.46667,63.9980469
1036.0,250.0,0.05774884,0.335388184,1496.93335,63.9980469
1037.0,250.0,0.0535233133,0.319519043,1498.53333,63.9980469
1038.0,250.0,0.0401424877,0.3277588,1500.0,63.9980469
1039.0,250.0,0.0471850261,0.334472656,1501.46667,63.9980469
1040.0,250.0,0.0429595038,0.3265381,1502.93335,63.9980469
1041.0,250.0,0.0267616566,0.319213867,1504.4,63.9980469
1042.0,250.0,0.0281701647,0.33416748,1505.8667,63.9980469
1043.0,250.0,0.0429595038,0.33416748,1507.46667,63.9980469
1044.0,250.0,0.03450845,0.335083,1508.93335,63.9980469
1045.0,250.0,0.0253531486,0.3363037,1510.4,63.9980469
1046.0,250.0,0.0338042,0.335083,1511.8667,63.9980469
1047.0,250.0,0.0316914357,0.318603516,1513.33337,63.9980469
1048.0,250.0,0.0197191164,0.31829834,1514.93335,63.9980469
1049.0,250.0,0.0126765743,0.324707031,1516.4,63.9980469
1050.0,250.0,0.0183106083,0.319824219,1517.8667,63.9980469
1051.0,250.0,0.01197232,0.300598145,1519.33337,63.9980469
1052.0,250.0,0.006338287,0.308227539,1520.8,63.9980469
1053.0,250.0,0.0154935913,0.317993164,1522.26672,63.9980469
1054.0,250.0,0.02887442,0.297851563,1523.8667,63.9980469
1055.0,250.0,0.04084674,0.3088379,1525.33337,63.9980469
1056.0,250.0,0.08310199,0.3277588,1526.8,63.9980469
1057.0,250.0,0.104229614,0.35369873,1528.26672,63.9980469
1058.0,250.0,0.09225729,0.377502441,1529.73328,63.9980469
1059.0,250.0,0.06267862,0.378417969,1531.2,63.9980469
1060.0,250.0,0.0788764656,0.35949707,1532.8,63.9980469
1061.0,250.0,0.09225729,0.3363037,1534.26672,63.9980469
1062.0,250.0,0.08239774,0.354309082,1535.73328,63.9980469
1063.0,250.0,0.06690414,0.377197266,1537.2,63.9980469
1064.0,250.0,0.09437005,0.377807617,1538.66663,63.9980469
1065.0,250.0,0.09648282,0.345458984,1540.1333,63.9980469
1066.0,250.0,0.06831265,0.3540039,1541.6,63.9980469
1067.0,250.0,0.0746509358,0.377197266,1543.2,63.9980469
1068.0,250.0,0.100004084,0.3591919,1544.66663,63.9980469
1069.0,250.0,0.0711296648,0.3564453,1546.1333,63.9980469
1070.0,250.0,0.0690169,0.377502441,1547.6,63.9980469
1071.0,250.0,0.08521475,0.3781128,1549.06665,63.9980469
1072.0,250.0,0.06267862,0.35736084,1550.53333,63.9980469
1073.0,250.0,0.08239774,0.3567505,1552.1333,63.9980469
1074.0,250.0,0.09225729,0.35736084,1553.6,63.9980469
1075.0,250.0,0.07183392,0.378417969,1555.06665,63.9980469
1076.0,250.0,0.0676084,0.377197266,1556.53333,63.9980469
1077.0,250.0,0.104229614,0.378723145,1558.0,63.9980469
1078.0,250.0,0.08873602,0.378417969,1559.46667,63.9980469
1079.0,250.0,0.07324243,0.393981934,1561.06665,63.9980469
1080.0,250.0,0.109159395,0.39276123,1562.53333,63.9980469
1081.0,250.0,0.114089169,0.395202637,1564.0,63.9980469
1082.0,250.0,0.08591901,0.3942871,1565.46667,63.9980469
1083.0,250.0,0.09437005,0.395202637,1566.93335,63.9980469
1084.0,250.0,0.131695524,0.3942871,1568.4,63.9980469
1085.0,250.0,0.08944028,0.405273438,1569.8667,63.9980469
1086.0,250.0,0.09014453,0.4156494,1571.46667,63.9980469
1087.0,250.0,0.146484867,0.3942871,1572.93335,63.9980469
1088.0,250.0,0.135921046,0.3942871,1574.4,63.9980469
1089.0,250.0,0.09437005,0.4156494,1575.8667,63.9980469
1090.0,250.0,0.1352168,0.397644043,1577.33337,63.9980469
1091.0,250.0,0.146484867,0.377502441,1578.8,63.9980469
1092.0,250.0,0.126765743,0.4055786,1580.4,63.9980469
1093.0,250.0,0.108455136,0.416259766,1581.8667,63.9980469
1094.0,250.0,0.150710389,0.386352539,1583.33337,63.9980469
1095.0,250.0,0.15564017,0.378723145,1584.8,63.9980469
1096.0,250.0,0.1183147,0.413818359,1586.26672,63.9980469
1097.0,250.0,0.124652982,0.426330566,1587.73328,63.9980469
1098.0,250.0,0.1704295,0.381164551,1589.33337,63.9980469
1099.0,250.0,0.152118891,0.392150879,1590.8,63.9980469
1100.0,250.0,0.109863646,0.433959961,1592.26672,63.9980469
1101.0,250.0,0.160569951,0.41809082,1593.73328,63.9980469
1102.0,250.0,0.145076349,0.416564941,1595.2,63.9980469
1103.0,250.0,0.121835969,0.4360962,1596.66663,63.9980469
1104.0,250.0,0.143667847,0.4385376,1598.26672,63.9980469
1105.0,250.0,0.163386956,0.4159546,1599.73328,63.9980469
1106.0,250.0,0.12817426,0.4348755,1601.2,63.9980469
1107.0,250.0,0.133808285,0.437927246,1602.66663,63.9980469
1108.0,250.0,0.157048672,0.419006348,1604.1333,63.9980469
1109.0,250.0,0.135921046,0.42755127,1605.6,63.9980469
1110.0,250.0,0.1380338,0.446167,1607.06665,63.9980469
1111.0,250.0,0.142963588,0.437011719,1608.66663,63.9980469
1112.0,250.0,0.142963588,0.416870117,1610.1333,63.9980469
1113.0,250.0,0.133808285,0.43762207,1611.6,63.9980469
1114.0,250.0,0.140850827,0.437011719,1613.06665,63.9980469
1115.0,250.0,0.140850827,0.416259766,1614.53333,63.9980469
1116.0,250.0,0.1183147,0.433959961,1616.1333,63.9980469
1117.0,250.0,0.126765743,0.4260254,1617.6,63.9980469
1118.0,250.0,0.1366253,0.395813,1619.06665,63.9980469
1119.0,250.0,0.130991265,0.4055786,1620.53333,63.9980469
1120.0,250.0,0.114089169,0.415344238,1622.0,63.9980469
1121.0,250.0,0.126765743,0.404968262,1623.46667,63.9980469
1122.0,250.0,0.131695524,0.394897461,1625.06665,63.9980469
1123.0,250.0,0.11901895,0.405273438,1626.53333,63.9980469
1124.0,250.0,0.11620193,0.4058838,1628.0,63.9980469
1125.0,250.0,0.12817426,0.380249023,1629.46667,63.9980469
1126.0,250.0,0.124652982,0.377807617,1630.93335,63.9980469
1127.0,250.0,0.11901895,0.3942871,1632.53333,63.9980469
1128.0,250.0,0.124652982,0.379943848,1634.0,63.9980469
1129.0,250.0,0.130287021,0.377807617,1635.46667,63.9980469
1130.0,250.0,0.122540221,0.377502441,1636.93335,63.9980469
1131.0,250.0,0.121131711,0.378417969,1638.4,63.9980469
1132.0,250.0,0.138738066,0.3781128,1639.8667,63.9980469
1133.0,250.0,0.121835969,0.3781128,1641.46667,63.9980469
1134.0,250.0,0.113384917,0.3942871,1642.93335,63.9980469
1135.0,250.0,0.139442325,0.385437,1644.4,63.9980469
1136.0,250.0,0.143667847,0.378723145,1645.8667,63.9980469
1137.0,250.0,0.114793427,0.393981934,1647.33337,63.9980469
1138.0,250.0,0.133808285,0.403442383,1648.8,63.9980469
1139.0,250.0,0.147189111,0.3942871,1650.4,63.9980469
1140.0,250.0,0.126765743,0.404968262,1651.8667,63.9980469
1141.0,250.0,0.1183147,0.4348755,1653.33337,63.9980469
1142.0,250.0,0.152118891,0.416870117,1654.8,63.9980469
1143.0,250.0,0.141555086,0.4159546,1656.26672,63.9980469
1144.0,250.0,0.12747,0.433959961,1657.73328,63.9980469
1145.0,250.0,0.1380338,0.437011719,1659.33337,63.9980469
1146.0,250.0,0.152118891,0.4159546,1660.8,63.9980469
1147.0,250.0,0.131695524,0.415344238,1662.26672,63.9980469
1148.0,250.0,0.1288785,0.450744629,1663.73328,63.9980469
1149.0,250.0,0.142963588,0.426330566,1665.2,63.9980469
1150.0,250.0,0.15282315,0.416564941,1666.66663,63.9980469
1151.0,250.0,0.147189111,0.42755127,1668.26672,63.9980469
1152.0,250.0,0.120427459,0.437927246,1669.73328,63.9980469
1153.0,250.0,0.147893369,0.4196167,1671.2,63.9980469
1154.0,250.0,0.163386956,0.3955078,1672.66663,63.9980469
1155.0,250.0,0.147189111,0.4144287,1674.1333,63.9980469
1156.0,250.0,0.121131711,0.438232422,1675.6,63.9980469
1157.0,250.0,0.148597628,0.4046631,1677.2,63.9980469
1158.0,250.0,0.168316737,0.393676758,1678.66663,63.9980469
1159.0,250.0,0.138738066,0.412902832,1680.1333,63.9980469
1160.0,250.0,0.134512544,0.417785645,1681.6,63.9980469
1161.0,250.0,0.164795473,0.39642334,1683.06665,63.9980469
1162.0,250.0,0.166908234,0.394897461,1684.53333,63.9980469
1163.0,250.0,0.133104026,0.4159546,1686.1333,63.9980469
1164.0,250.0,0.1443721,0.4159546,1687.6,63.9980469
1165.0,250.0,0.171838015,0.386352539,1689.06665,63.9980469
1166.0,250.0,0.164795473,0.3918457,1690.53333,63.9980469
1167.0,250.0,0.12747,0.434265137,1692.0,63.9980469
1168.0,250.0,0.157048672,0.426940918,1693.6,63.9980469
1169.0,250.0,0.171838015,0.395202637,1695.06665,63.9980469
1170.0,250.0,0.137329563,0.413208,1696.53333,63.9980469
1171.0,250.0,0.11620193,0.437927246,1698.0,63.9980469
1172.0,250.0,0.164091215,0.418396,1699.46667,63.9980469
1173.0,250.0,0.1781763,0.396728516,1700.93335,63.9980469
1174.0,250.0,0.126061484,0.434265137,1702.53333,63.9980469
1175.0,250.0,0.131695524,0.437011719,1704.0,63.9980469
1176.0,250.0,0.173246518,0.417480469,1705.46667,63.9980469
1177.0,250.0,0.15282315,0.426330566,1706.93335,63.9980469
1178.0,250.0,0.121131711,0.4510498,1708.4,63.9980469
1179.0,250.0,0.1704295,0.440063477,1709.8667,63.9980469
1180.0,250.0,0.1704295,0.417480469,1711.46667,63.9980469
1181.0,250.0,0.153527409,0.444335938,1712.93335,63.9980469
1182.0,250.0,0.159161434,0.4537964,1714.4,63.9980469
1183.0,250.0,0.17747204,0.43762207,1715.8667,63.9980469
1184.0,250.0,0.169021,0.4385376,1717.33337,63.9980469
1185.0,250.0,0.159161434,0.445861816,1718.8,63.9980469
1186.0,250.0,0.165499717,0.4537964,1720.4,63.9980469
1187.0,250.0,0.18028906,0.43762207,1721.8667,63.9980469
1188.0,250.0,0.1795848,0.437927246,1723.33337,63.9980469
1189.0,250.0,0.171838015,0.43762207,1724.8,63.9980469
1190.0,250.0,0.180993319,0.445556641,1726.26672,63.9980469
1191.0,250.0,0.183810323,0.43762207,1727.73328,63.9980469
1192.0,250.0,0.191557124,0.437927246,1729.33337,63.9980469
1193.0,250.0,0.186627343,0.4373169,1730.8,63.9980469
1194.0,250.0,0.1873316,0.452575684,1732.26672,63.9980469
1195.0,250.0,0.192261383,0.419006348,1733.73328,63.9980469
1196.0,250.0,0.1859231,0.4272461,1735.2,63.9980469
1197.0,250.0,0.200008169,0.437011719,1736.66663,63.9980469
1198.0,250.0,0.178880557,0.4257202,1738.26672,63.9980469
1199.0,250.0,0.1767678,0.415344238,1739.73328,63.9980469
1200.0,250.0,0.201416686,0.416870117,1741.2,63.9980469
1201.0,250.0,0.190852866,0.433959961,1742.66663,63.9980469
1202.0,250.0,0.184514582,0.437011719,1744.1333,63.9980469
1203.0,250.0,0.1964869,0.437011719,1745.6,63.9980469
1204.0,250.0,0.192261383,0.437927246,1747.2,63.9980469
1205.0,250.0,0.1859231,0.43762207,1748.66663,63.9980469
1206.0,250.0,0.1887401,0.4373169,1750.1333,63.9980469
1207.0,250.0,0.1887401,0.4449463,1751.6,63.9980469
1208.0,250.0,0.18310608,0.437927246,1753.06665,63.9980469
1209.0,250.0,0.190148622,0.43762207,1754.53333,63.9980469
1210.0,250.0,0.191557124,0.445251465,1756.1333,63.9980469
1211.0,250.0,0.195782647,0.453186035,1757.6,63.9980469
1212.0,250.0,0.1887401,0.453186035,1759.06665,63.9980469
1213.0,250.0,0.1950784,0.454101563,1760.53333,63.9980469
1214.0,250.0,0.199303925,0.4537964,1762.0,63.9980469
1215.0,250.0,0.200712427,0.452575684,1763.46667,63.9980469
1216.0,250.0,0.212684751,0.454101563,1765.06665,63.9980469
1217.0,250.0,0.208459228,0.452880859,1766.53333,63.9980469
1218.0,250.0,0.212684751,0.473327637,1768.0,63.9980469
1219.0,250.0,0.212684751,0.463256836,1769.46667,63.9980469
1220.0,250.0,0.211980492,0.452880859,1770.93335,63.9980469
1221.0,250.0,0.2042337,0.464477539,1772.4,63.9980469
1222.0,250.0,0.217614532,0.474853516,1774.0,63.9980469
1223.0,250.0,0.223952815,0.4537964,1775.46667,63.9980469
1224.0,250.0,0.2042337,0.453186035,1776.93335,63.9980469
1225.0,250.0,0.206346467,0.475463867,1778.4,63.9980469
1226.0,250.0,0.223952815,0.4751587,1779.8667,63.9980469
1227.0,250.0,0.213389009,0.4534912,1781.33337,63.9980469
1228.0,250.0,0.212684751,0.4727173,1782.93335,63.9980469
1229.0,250.0,0.2211358,0.47454834,1784.4,63.9980469
1230.0,250.0,0.222544312,0.4562378,1785.8667,63.9980469
1231.0,250.0,0.21831879,0.4736328,1787.33337,63.9980469
1232.0,250.0,0.21831879,0.495910645,1788.8,63.9980469
1233.0,250.0,0.222544312,0.475463867,1790.26672,63.9980469
1234.0,250.0,0.225361317,0.462036133,1791.8667,63.9980469
1235.0,250.0,0.214093253,0.47454834,1793.33337,63.9980469
1236.0,250.0,0.209867731,0.47454834,1794.8,63.9980469
1237.0,250.0,0.230995357,0.474853516,1796.26672,63.9980469
1238.0,250.0,0.216206014,0.475463867,1797.73328,63.9980469
1239.0,250.0,0.216910273,0.4937744,1799.2,63.9980469
1240.0,250.0,0.226769835,0.48614502,1800.8,63.9980469
1241.0,250.0,0.2197273,0.4751587,1802.26672,63.9980469
1242.0,250.0,0.214797512,0.4763794,1803.73328,63.9980469
1243.0,250.0,0.235220879,0.474853516,1805.2,63.9980469
1244.0,250.0,0.212684751,0.474853516,1806.66663,63.9980469
1245.0,250.0,0.201416686,0.474853516,1808.1333,63.9980469
1246.0,250.0,0.223952815,0.464172363,1809.73328,63.9980469
1247.0,250.0,0.23733364,0.453186035,1811.2,63.9980469
1248.0,250.0,0.212684751,0.464477539,1812.66663,63.9980469
1249.0,250.0,0.195782647,0.474243164,1814.1333,63.9980469
1250.0,250.0,0.240854919,0.454406738,1815.6,63.9980469
1251.0,250.0,0.216910273,0.445861816,1817.06665,63.9980469
1252.0,250.0,0.1781763,0.471801758,1818.66663,63.9980469
1253.0,250.0,0.202120945,0.4650879,1820.1333,63.9980469
1254.0,250.0,0.223248556,0.437927246,1821.6,63.9980469
1255.0,250.0,0.18310608,0.4522705,1823.06665,63.9980469
1256.0,250.0,0.172542259,0.474853516,1824.53333,63.9980469
1257.0,250.0,0.200008169,0.446777344,1826.1333,63.9980469
1258.0,250.0,0.180993319,0.438232422,1827.6,63.9980469
1259.0,250.0,0.17465502,0.4373169,1829.06665,63.9980469
1260.0,250.0,0.17465502,0.451660156,1830.53333,63.9980469
1261.0,250.0,0.194374144,0.438232422,1832.0,63.9980469
1262.0,250.0,0.193669885,0.4373169,1833.46667,63.9980469
1263.0,250.0,0.185218841,0.464172363,1835.06665,63.9980469
1264.0,250.0,0.199303925,0.474243164,1836.53333,63.9980469
1265.0,250.0,0.224657074,0.455627441,1838.0,63.9980469
1266.0,250.0,0.20775497,0.464172363,1839.46667,63.9980469
1267.0,250.0,0.213389009,0.494689941,1840.93335,63.9980469
1268.0,250.0,0.226065576,0.4776001,1842.4,63.9980469
1269.0,250.0,0.2197273,0.47454834,1844.0,63.9980469
1270.0,250.0,0.226065576,0.48614502,1845.46667,63.9980469
1271.0,250.0,0.226769835,0.49621582,1846.93335,63.9980469
1272.0,250.0,0.230995357,0.49621582,1848.4,63.9980469
1273.0,250.0,0.235925138,0.47454834,1849.8667,63.9980469
1274.0,250.0,0.2211358,0.4928589,1851.33337,63.9980469
1275.0,250.0,0.234516636,0.496826172,1852.93335,63.9980469
1276.0,250.0,0.2457847,0.4751587,1854.4,63.9980469
1277.0,250.0,0.240854919,0.474853516,1855.8667,63.9980469
1278.0,250.0,0.2380379,0.49621582,1857.33337,63.9980469
1279.0,250.0,0.235220879,0.49621582,1858.8,63.9980469
1280.0,250.0,0.26198253,0.474853516,1860.26672,63.9980469
1281.0,250.0,0.2380379,0.474853516,1861.8667,63.9980469
1282.0,250.0,0.238742158,0.475463867,1863.33337,63.9980469
1283.0,250.0,0.245080441,0.47454834,1864.8,63.9980469
1284.0,250.0,0.25141874,0.465393066,1866.26672,63.9980469
1285.0,250.0,0.242263421,0.475769043,1867.73328,63.9980469
1286.0,250.0,0.2302911,0.4751587,1869.2,63.9980469
1287.0,250.0,0.247897461,0.4751587,1870.8,63.9980469
1288.0,250.0,0.2380379,0.474853516,1872.26672,63.9980469
1289.0,250.0,0.226065576,0.496521,1873.73328,63.9980469
1290.0,250.0,0.233812377,0.485534668,1875.2,63.9980469
1291.0,250.0,0.257052749,0.476074219,1876.66663,63.9980469
1292.0,250.0,0.21831879,0.4864502,1878.1333,63.9980469
1293.0,250.0,0.229586855,0.48614502,1879.73328,63.9980469
1294.0,250.0,0.244376183,0.475463867,1881.2,63.9980469
1295.0,250.0,0.21831879,0.4711914,1882.66663,63.9980469
1296.0,250.0,0.23733364,0.49621582,1884.1333,63.9980469
1297.0,250.0,0.245080441,0.476074219,1885.6,63.9980469
1298.0,250.0,0.2288826,0.474243164,1887.06665,63.9980469
1299.0,250.0,0.231699616,0.49621582,1888.66663,63.9980469
1300.0,250.0,0.24296768,0.475463867,1890.1333,63.9980469
1301.0,250.0,0.24015066,0.475463867,1891.6,63.9980469
1302.0,250.0,0.212684751,0.49621582,1893.06665,63.9980469
1303.0,250.0,0.240854919,0.496521,1894.53333,63.9980469
1304.0,250.0,0.2394464,0.477294922,1896.0,63.9980469
1305.0,250.0,0.229586855,0.493164063,1897.6,63.9980469
1306.0,250.0,0.2366294,0.5102539,1899.06665,63.9980469
1307.0,250.0,0.244376183,0.496521,1900.53333,63.9980469
1308.0,250.0,0.24015066,0.4977417,1902.0,63.9980469
1309.0,250.0,0.254235744,0.50994873,1903.46667,63.9980469
1310.0,250.0,0.250010222,0.51361084,1904.93335,63.9980469
1311.0,250.0,0.254235744,0.499267578,1906.53333,63.9980469
1312.0,250.0,0.252122968,0.496521,1908.0,63.9980469
1313.0,250.0,0.2535315,0.512084961,1909.46667,63.9980469
1314.0,250.0,0.252122968,0.5126953,1910.93335,63.9980469
1315.0,250.0,0.2535315,0.497131348,1912.4,63.9980469
1316.0,250.0,0.2471932,0.49621582,1913.8667,63.9980469
1317.0,250.0,0.2535315,0.5050659,1915.46667,63.9980469
1318.0,250.0,0.263391048,0.4864502,1916.93335,63.9980469
1319.0,250.0,0.249305964,0.475463867,1918.4,63.9980469
1320.0,250.0,0.2486017,0.497131348,1919.8667,63.9980469
1321.0,250.0,0.273954868,0.4852295,1921.33337,63.9980469
1322.0,250.0,0.259869784,0.476074219,1922.8,63.9980469
1323.0,250.0,0.24296768,0.510864258,1924.4,63.9980469
1324.0,250.0,0.266208053,0.504760742,1925.8667,63.9980469
1325.0,250.0,0.273954868,0.47668457,1927.33337,63.9980469
1326.0,250.0,0.252122968,0.49621582,1928.8,63.9980469
1327.0,250.0,0.238742158,0.512390137,1930.26672,63.9980469
1328.0,250.0,0.2901527,0.498046875,1931.73328,63.9980469
1329.0,250.0,0.2626868,0.5053711,1933.33337,63.9980469
1330.0,250.0,0.246488944,0.5331421,1934.8,63.9980469
1331.0,250.0,0.274659127,0.534973145,1936.26672,63.9980469
1332.0,250.0,0.263391048,0.51361084,1937.73328,63.9980469
1333.0,250.0,0.238742158,0.5319214,1939.2,63.9980469
1334.0,250.0,0.271137834,0.533447266,1940.66663,63.9980469
1335.0,250.0,0.252827227,0.5126953,1942.26672,63.9980469
1336.0,250.0,0.2274741,0.513305664,1943.73328,63.9980469
1337.0,250.0,0.276771873,0.512390137,1945.2,63.9980469
1338.0,250.0,0.258461267,0.5239868,1946.66663,63.9980469
1339.0,250.0,0.213389009,0.553588867,1948.1333,63.9980469
1340.0,250.0,0.257052749,0.5163574,1949.6,63.9980469
1341.0,250.0,0.295786738,0.504760742,1951.2,63.9980469
1342.0,250.0,0.226769835,0.543823242,1952.66663,63.9980469
1343.0,250.0,0.233812377,0.5630493,1954.1333,63.9980469
1344.0,250.0,0.300716519,0.5075073,1955.6,63.9980469
1345.0,250.0,0.243671939,0.5105591,1957.06665,63.9980469
1346.0,250.0,0.243671939,0.5429077,1958.53333,63.9980469
1347.0,250.0,0.303533524,0.5340576,1960.1333,63.9980469
1348.0,250.0,0.2809974,0.523681641,1961.6,63.9980469
1349.0,250.0,0.259165525,0.5529785,1963.06665,63.9980469
1350.0,250.0,0.2978995,0.5239868,1964.53333,63.9980469
1351.0,250.0,0.297195256,0.513916,1966.0,63.9980469
1352.0,250.0,0.272546351,0.54473877,1967.46667,63.9980469
1353.0,250.0,0.2809974,0.5453491,1969.06665,63.9980469
1354.0,250.0,0.300012261,0.5166626,1970.53333,63.9980469
1355.0,250.0,0.286631435,0.5130005,1972.0,63.9980469
1356.0,250.0,0.2901527,0.534973145,1973.46667,63.9980469
1357.0,250.0,0.2732506,0.533752441,1974.93335,63.9980469
1358.0,250.0,0.299308,0.513916,1976.4,63.9980469
1359.0,250.0,0.281701654,0.51361084,1978.0,63.9980469
1360.0,250.0,0.2718421,0.5331421,1979.46667,63.9980469
1361.0,250.0,0.28944844,0.5352783,1980.93335,63.9980469
1362.0,250.0,0.280293137,0.533752441,1982.4,63.9980469
1363.0,250.0,0.2732506,0.5352783,1983.8667,63.9980469
1364.0,250.0,0.2704336,0.534973145,1985.33337,63.9980469
1365.0,250.0,0.295786738,0.534667969,1986.93335,63.9980469
1366.0,250.0,0.278884649,0.555114746,1988.4,63.9980469
1367.0,250.0,0.2809974,0.56427,1989.8667,63.9980469
1368.0,250.0,0.2873357,0.557251,1991.33337,63.9980469
1369.0,250.0,0.2824059,0.5557251,1992.8,63.9980469
1370.0,250.0,0.2781804,0.5560303,1994.26672,63.9980469
1371.0,250.0,0.291561216,0.556335449,1995.8667,63.9980469
1372.0,250.0,0.28381443,0.557251,1997.33337,63.9980469
1373.0,250.0,0.286631435,0.5648804,1998.8,63.9980469
1374.0,250.0,0.301420778,0.5722046,2000.26672,63.9980469
1375.0,250.0,0.2978995,0.571289063,2001.73328,63.9980469
1376.0,250.0,0.298603743,0.5722046,2003.2,63.9980469
1377.0,250.0,0.306350559,0.5578613,2004.8,63.9980469
1378.0,250.0,0.301420778,0.5541992,2006.26672,63.9980469
1379.0,250.0,0.2978995,0.5554199,2007.73328,63.9980469
1380.0,250.0,0.306350559,0.563964844,2009.2,63.9980469
1381.0,250.0,0.307054818,0.5557251,2010.66663,63.9980469
1382.0,250.0,0.299308,0.5569458,2012.1333,63.9980469
1383.0,250.0,0.307759047,0.5560303,2013.73328,63.9980469
1384.0,250.0,0.321844131,0.5340576,2015.2,63.9980469
1385.0,250.0,0.303533524,0.534667969,2016.66663,63.9980469
1386.0,250.0,0.304237783,0.5548096,2018.1333,63.9980469
1387.0,250.0,0.3056463,0.5453491,2019.6,63.9980469
1388.0,250.0,0.31691435,0.5157471,2021.06665,63.9980469
1389.0,250.0,0.3056463,0.523376465,2022.66663,63.9980469
1390.0,250.0,0.302829266,0.533447266,2024.1333,63.9980469
1391.0,250.0,0.3119846,0.534667969,2025.6,63.9980469
1392.0,250.0,0.2978995,0.534667969,2027.06665,63.9980469
1393.0,250.0,0.304942042,0.534667969,2028.53333,63.9980469
1394.0,250.0,0.301420778,0.5554199,2030.1333,63.9980469
1395.0,250.0,0.318322867,0.534973145,2031.6,63.9980469
1396.0,250.0,0.307054818,0.533447266,2033.06665,63.9980469
1397.0,250.0,0.292969733,0.555114746,2034.53333,63.9980469
1398.0,250.0,0.309871823,0.5560303,2036.0,63.9980469
1399.0,250.0,0.319731385,0.533752441,2037.46667,63.9980469
1400.0,250.0,0.294378221,0.569152832,2038.93335,63.9980469
1401.0,250.0,0.294378221,0.5822754,2040.53333,63.9980469
1402.0,250.0,0.326069653,0.5383301,2042.0,63.9980469
1403.0,250.0,0.3084633,0.5343628,2043.46667,63.9980469
1404.0,250.0,0.298603743,0.570373535,2044.93335,63.9980469
1405.0,250.0,0.304942042,0.5718994,2046.4,63.9980469
1406.0,250.0,0.329590946,0.5380249,2048.0,63.9980469
1407.0,250.0,0.304942042,0.5606079,2049.46655,63.9980469
1408.0,250.0,0.319731385,0.5938721,2050.93335,63.9980469
1409.0,250.0,0.319027126,0.558776855,2052.4,63.9980469
1410.0,250.0,0.319731385,0.546264648,2053.8667,63.9980469
1411.0,250.0,0.3239569,0.569458,2055.33325,63.9980469
1412.0,250.0,0.323252648,0.5718994,2056.93335,63.9980469
1413.0,250.0,0.31128034,0.556335449,2058.4,63.9980469
1414.0,250.0,0.330999434,0.5557251,2059.8667,63.9980469
1415.0,250.0,0.3239569,0.5633545,2061.33325,63.9980469
1416.0,250.0,0.302829266,0.5722046,2062.8,63.9980469
1417.0,250.0,0.335224956,0.546264648,2064.2666,63.9980469
1418.0,250.0,0.328182429,0.54473877,2065.8667,63.9980469
1419.0,250.0,0.3133931,0.5697632,2067.33325,63.9980469
1420.0,250.0,0.335224956,0.5560303,2068.8,63.9980469
1421.0,250.0,0.3331122,0.5355835,2070.2666,63.9980469
1422.0,250.0,0.3288867,0.555114746,2071.7334,63.9980469
1423.0,250.0,0.325365424,0.5566406,2073.2,63.9980469
1424.0,250.0,0.3267739,0.534667969,2074.8,63.9980469
1425.0,250.0,0.345788777,0.5343628,2076.2666,63.9980469
1426.0,250.0,0.32747817,0.5557251,2077.7334,63.9980469
1427.0,250.0,0.3302952,0.557251,2079.2,63.9980469
1428.0,250.0,0.3422675,0.5371094,2080.66675,63.9980469
1429.0,250.0,0.340154737,0.545043945,2082.1333,63.9980469
1430.0,250.0,0.33874625,0.5633545,2083.7334,63.9980469
1431.0,250.0,0.315505862,0.558776855,2085.2,63.9980469
1432.0,250.0,0.3394505,0.5566406,2086.66675,63.9980469
1433.0,250.0,0.3577611,0.5557251,2088.1333,63.9980469
1434.0,250.0,0.3211399,0.5718994,2089.6,63.9980469
1435.0,250.0,0.326069653,0.582580566,2091.2,63.9980469
1436.0,250.0,0.366212159,0.5581665,2092.66675,63.9980469
1437.0,250.0,0.33874625,0.570068359,2094.1333,63.9980469
1438.0,250.0,0.319731385,0.6121826,2095.6,63.9980469
1439.0,250.0,0.355648339,0.584106445,2097.06665,63.9980469
1440.0,250.0,0.3683249,0.5569458,2098.53345,63.9980469
1441.0,250.0,0.3288867,0.5822754,2100.0,63.9980469
1442.0,250.0,0.330999434,0.5938721,2101.6,63.9980469
1443.0,250.0,0.36057812,0.5749512,2103.06665,63.9980469
1444.0,250.0,0.351422817,0.571594238,2104.53345,63.9980469
1445.0,250.0,0.346493036,0.6051636,2106.0,63.9980469
1446.0,250.0,0.326069653,0.597229,2107.46655,63.9980469
1447.0,250.0,0.358465344,0.5731201,2108.93335,63.9980469
1448.0,250.0,0.351422817,0.565185547,2110.53345,63.9980469
1449.0,250.0,0.3317037,0.5932617,2112.0,63.9980469
1450.0,250.0,0.3302952,0.5963135,2113.46655,63.9980469
1451.0,250.0,0.3626909,0.5718994,2114.93335,63.9980469
1452.0,250.0,0.345788777,0.5722046,2116.4,63.9980469
1453.0,250.0,0.335929215,0.611877441,2117.8667,63.9980469
1454.0,250.0,0.3577611,0.5844116,2119.46655,63.9980469
1455.0,250.0,0.347901553,0.557251,2120.93335,63.9980469
1456.0,250.0,0.343676031,0.581665039,2122.4,63.9980469
1457.0,250.0,0.361282378,0.592956543,2123.8667,63.9980469
1458.0,250.0,0.361282378,0.5944824,2125.33325,63.9980469
1459.0,250.0,0.366212159,0.5731201,2126.8,63.9980469
1460.0,250.0,0.370437682,0.5938721,2128.4,63.9980469
1461.0,250.0,0.366916418,0.5935669,2129.8667,63.9980469
1462.0,250.0,0.379592985,0.585022,2131.33325,63.9980469
1463.0,250.0,0.376071721,0.591430664,2132.8,63.9980469
1464.0,250.0,0.37677595,0.6045532,2134.2666,63.9980469
1465.0,250.0,0.380297244,0.6051636,2135.7334,63.9980469
1466.0,250.0,0.3915653,0.5947876,2137.33325,63.9980469
1467.0,250.0,0.384522766,0.6039429,2138.8,63.9980469
1468.0,250.0,0.38241,0.6158447,2140.2666,63.9980469
1469.0,250.0,0.3810015,0.5944824,2141.7334,63.9980469
1470.0,250.0,0.392269552,0.6036377,2143.2,63.9980469
1471.0,250.0,0.3774802,0.6298828,2144.66675,63.9980469
1472.0,250.0,0.379592985,0.6246948,2146.2666,63.9980469
1473.0,250.0,0.404946119,0.5944824,2147.7334,63.9980469
1474.0,250.0,0.3838185,0.6124878,2149.2,63.9980469
1475.0,250.0,0.37677595,0.630188,2150.66675,63.9980469
1476.0,250.0,0.401424855,0.6170654,2152.1333,63.9980469
1477.0,250.0,0.390861034,0.60546875,2153.6,63.9980469
1478.0,250.0,0.372550428,0.630493164,2155.2,63.9980469
1479.0,250.0,0.3887483,0.6185913,2156.66675,63.9980469
1480.0,250.0,0.388044029,0.594177246,2158.1333,63.9980469
1481.0,250.0,0.383114249,0.6036377,2159.6,63.9980469
1482.0,250.0,0.3929738,0.6149292,2161.06665,63.9980469
1483.0,250.0,0.3810015,0.615539551,2162.53345,63.9980469
1484.0,250.0,0.405650377,0.595397949,2164.1333,63.9980469
1485.0,250.0,0.397199333,0.614624,2165.6,63.9980469
1486.0,250.0,0.392269552,0.6149292,2167.06665,63.9980469
1487.0,250.0,0.411988676,0.6057739,2168.53345,63.9980469
1488.0,250.0,0.4133972,0.5938721,2170.0,63.9980469
1489.0,250.0,0.417622715,0.629272461,2171.46655,63.9980469
1490.0,250.0,0.405650377,0.641784668,2173.06665,63.9980469
1491.0,250.0,0.423960984,0.6311035,2174.53345,63.9980469
1492.0,250.0,0.433820546,0.629272461,2176.0,63.9980469
1493.0,250.0,0.409171641,0.642395,2177.46655,63.9980469
1494.0,250.0,0.406354636,0.6427002,2178.93335,63.9980469
1495.0,250.0,0.438046068,0.632019043,2180.4,63.9980469
1496.0,250.0,0.4253695,0.6414795,2181.8667,63.9980469
1497.0,250.0,0.406354636,0.663147,2183.46655,63.9980469
1498.0,250.0,0.432412028,0.6536865,2184.93335,63.9980469
1499.0,250.0,0.423256725,0.6323242,2186.4,63.9980469
1500.0,250.0,0.402833372,0.642395,2187.8667,63.9980469
1501.0,250.0,0.414101422,0.6347656,2189.33325,63.9980469
1502.0,250.0,0.415509939,0.6323242,2190.8,63.9980469
1503.0,250.0,0.4225525,0.6524658,2192.4,63.9980469
1504.0,250.0,0.414805681,0.6530762,2193.8667,63.9980469
1505.0,250.0,0.411988676,0.643310547,2195.33325,63.9980469
1506.0,250.0,0.421848238,0.632019043,2196.8,63.9980469
1507.0,250.0,0.415509939,0.6311035,2198.2666,63.9980469
1508.0,250.0,0.406354636,0.631713867,2199.7334,63.9980469
1509.0,250.0,0.414101422,0.649414063,2201.33325,63.9980469
1510.0,250.0,0.419735461,0.6311035,2202.8,63.9980469
1511.0,250.0,0.411988676,0.6314087,2204.2666,63.9980469
1512.0,250.0,0.394382328,0.631713867,2205.7334,63.9980469
1513.0,250.0,0.414805681,0.6164551,2207.2,63.9980469
1514.0,250.0,0.42607376,0.6164551,2208.8,63.9980469
1515.0,250.0,0.4007206,0.62286377,2210.2666,63.9980469
1516.0,250.0,0.411284417,0.6311035,2211.7334,63.9980469
1517.0,250.0,0.414101422,0.617980957,2213.2,63.9980469
1518.0,250.0,0.411988676,0.6152344,2214.66675,63.9980469
1519.0,250.0,0.423960984,0.6326294,2216.1333,63.9980469
1520.0,250.0,0.3950866,0.6311035,2217.7334,63.9980469
1521.0,250.0,0.428890765,0.631713867,2219.2,63.9980469
1522.0,250.0,0.4317078,0.6311035,2220.66675,63.9980469
1523.0,250.0,0.4084674,0.663147,2222.1333,63.9980469
1524.0,250.0,0.4331163,0.6640625,2223.6,63.9980469
1525.0,250.0,0.42607376,0.6350708,2225.06665,63.9980469
1526.0,250.0,0.42607376,0.631713867,2226.66675,63.9980469
1527.0,250.0,0.4422716,0.6726074,2228.1333,63.9980469
1528.0,250.0,0.407763153,0.6741333,2229.6,63.9980469
1529.0,250.0,0.4514269,0.6640625,2231.06665,63.9980469
1530.0,250.0,0.43663758,0.653381348,2232.53345,63.9980469
1531.0,250.0,0.415509939,0.6744385,2234.0,63.9980469
1532.0,250.0,0.449314147,0.6652832,2235.46655,63.9980469
1533.0,250.0,0.438750327,0.652771,2237.06665,63.9980469
1534.0,250.0,0.433820546,0.673522949,2238.53345,63.9980469
1535.0,250.0,0.433820546,0.6903076,2240.0,63.9980469
1536.0,250.0,0.42607376,0.676269531,2241.46655,63.9980469
1537.0,250.0,0.4464971,0.6530762,2242.93335,63.9980469
1538.0,250.0,0.4373418,0.6536865,2244.4,63.9980469
1539.0,250.0,0.421143979,0.6713867,2246.0,63.9980469
1540.0,250.0,0.4408631,0.652771,2247.46655,63.9980469
1541.0,250.0,0.4514269,0.650939941,2248.93335,63.9980469
1542.0,250.0,0.44790563,0.663147,2250.4,63.9980469
1543.0,250.0,0.42607376,0.6741333,2251.8667,63.9980469
1544.0,250.0,0.462694973,0.6436157,2253.46655,63.9980469
1545.0,250.0,0.4373418,0.631713867,2254.93335,63.9980469
1546.0,250.0,0.421143979,0.6524658,2256.4,63.9980469
1547.0,250.0,0.429595023,0.6530762,2257.8667,63.9980469
1548.0,250.0,0.449314147,0.6500244,2259.33325,63.9980469
1549.0,250.0,0.418326974,0.653381348,2260.8,63.9980469
1550.0,250.0,0.4021291,0.652771,2262.4,63.9980469
1551.0,250.0,0.4605822,0.643310547,2263.8667,63.9980469
1552.0,250.0,0.4225525,0.649414063,2265.33325,63.9980469
1553.0,250.0,0.423960984,0.6881714,2266.8,63.9980469
1554.0,250.0,0.4331163,0.6750488,2268.2666,63.9980469
1555.0,250.0,0.452131152,0.6640625,2269.7334,63.9980469
1556.0,250.0,0.421848238,0.6881714,2271.33325,63.9980469
1557.0,250.0,0.4486099,0.68359375,2272.8,63.9980469
1558.0,250.0,0.43663758,0.6738281,2274.2666,63.9980469
1559.0,250.0,0.4486099,0.6738281,2275.7334,63.9980469
1560.0,250.0,0.449314147,0.689697266,2277.2,63.9980469
1561.0,250.0,0.4394546,0.690917969,2278.66675,63.9980469
1562.0,250.0,0.4619907,0.7122803,2280.1333,63.9980469
1563.0,250.0,0.4577652,0.6829834,2281.7334,63.9980469
1564.0,250.0,0.4514269,0.6750488,2283.2,63.9980469
1565.0,250.0,0.454243928,0.690002441,2284.66675,63.9980469
1566.0,250.0,0.4641035,0.6915283,2286.1333,63.9980469
1567.0,250.0,0.457060933,0.690917969,2287.6,63.9980469
1568.0,250.0,0.457060933,0.6906128,2289.06665,63.9980469
1569.0,250.0,0.4760758,0.690917969,2290.66675,63.9980469
1570.0,250.0,0.468329,0.6906128,2292.1333,63.9980469
1571.0,250.0,0.467624754,0.691223145,2293.6,63.9980469
1572.0,250.0,0.472554535,0.6881714,2295.06665,63.9980469
1573.0,250.0,0.4697375,0.690917969,2296.53345,63.9980469
1574.0,250.0,0.478188574,0.6903076,2298.0,63.9980469
1575.0,250.0,0.4732588,0.6768799,2299.6,63.9980469
1576.0,250.0,0.471850276,0.690002441,2301.06665,63.9980469
1577.0,250.0,0.467624754,0.690917969,2302.53345,63.9980469
1578.0,250.0,0.471850276,0.664672852,2304.0,63.9980469
1579.0,250.0,0.481709838,0.6628418,2305.46655,63.9980469
1580.0,250.0,0.472554535,0.688476563,2306.93335,63.9980469
1581.0,250.0,0.498611927,0.6903076,2308.53345,63.9980469
1582.0,250.0,0.469033271,0.674743652,2310.0,63.9980469
1583.0,250.0,0.477484316,0.674743652,2311.46655,63.9980469
1584.0,250.0,0.489456624,0.674743652,2312.93335,63.9980469
1585.0,250.0,0.467624754,0.6744385,2314.4,63.9980469
1586.0,250.0,0.474667281,0.688781738,2316.0,63.9980469
1587.0,250.0,0.483118325,0.6906128,2317.46655,63.9980469
1588.0,250.0,0.471850276,0.675964355,2318.93335,63.9980469
1589.0,250.0,0.484526843,0.6906128,2320.4,63.9980469
1590.0,250.0,0.463399231,0.6915283,2321.8667,63.9980469
1591.0,250.0,0.481005579,0.6915283,2323.33325,63.9980469
1592.0,250.0,0.4929779,0.6750488,2324.93335,63.9980469
1593.0,250.0,0.456356674,0.7015991,2326.4,63.9980469
1594.0,250.0,0.4929779,0.7232666,2327.8667,63.9980469
1595.0,250.0,0.484526843,0.6942749,2329.33325,63.9980469
1596.0,250.0,0.473963022,0.690002441,2330.8,63.9980469
1597.0,250.0,0.486639619,0.701293945,2332.2666,63.9980469
1598.0,250.0,0.470441759,0.6945801,2333.8667,63.9980469
1599.0,250.0,0.477484316,0.691223145,2335.33325,63.9980469
1600.0,250.0,0.478188574,0.690917969,2336.8,63.9980469
1601.0,250.0,0.476780057,0.6903076,2338.2666,63.9980469
1602.0,250.0,0.47537154,0.692749,2339.7334,63.9980469
1603.0,250.0,0.483118325,0.6765747,2341.2,63.9980469
1604.0,250.0,0.486639619,0.6890869,2342.8,63.9980469
1605.0,250.0,0.467624754,0.690917969,2344.2666,63.9980469
1606.0,250.0,0.4732588,0.691223145,2345.7334,63.9980469
1607.0,250.0,0.490865141,0.675354,2347.2,63.9980469
1608.0,250.0,0.47537154,0.6890869,2348.66675,63.9980469
1609.0,250.0,0.4760758,0.690917969,2350.1333,63.9980469
1610.0,250.0,0.486639619,0.68359375,2351.7334,63.9980469
1611.0,250.0,0.480301321,0.6750488,2353.2,63.9980469
1612.0,250.0,0.471850276,0.690002441,2354.66675,63.9980469
1613.0,250.0,0.4760758,0.690917969,2356.1333,63.9980469
1614.0,250.0,0.4788928,0.6765747,2357.6,63.9980469
1615.0,250.0,0.4760758,0.6744385,2359.2,63.9980469
1616.0,250.0,0.471850276,0.6744385,2360.66675,63.9980469
1617.0,250.0,0.4697375,0.653381348,2362.1333,63.9980469
1618.0,250.0,0.493682146,0.6750488,2363.6,63.9980469
1619.0,250.0,0.483118325,0.6814575,2365.06665,63.9980469
1620.0,250.0,0.467624754,0.6906128,2366.53345,63.9980469
1621.0,250.0,0.488752365,0.6765747,2368.1333,63.9980469
1622.0,250.0,0.489456624,0.6744385,2369.6,63.9980469
1623.0,250.0,0.48593536,0.6903076,2371.06665,63.9980469
1624.0,250.0,0.4619907,0.70892334,2372.53345,63.9980469
1625.0,250.0,0.4788928,0.6921387,2374.0,63.9980469
1626.0,250.0,0.5211481,0.6893921,2375.46655,63.9980469
1627.0,250.0,0.4619907,0.7223511,2376.93335,63.9980469
1628.0,250.0,0.471146017,0.7330322,2378.53345,63.9980469
1629.0,250.0,0.53523314,0.6939697,2380.0,63.9980469
1630.0,250.0,0.496499181,0.7006836,2381.46655,63.9980469
1631.0,250.0,0.479597062,0.749206543,2382.93335,63.9980469
1632.0,250.0,0.51340127,0.743103,2384.4,63.9980469
1633.0,250.0,0.515514,0.7159424,2385.8667,63.9980469
1634.0,250.0,0.511992753,0.732727051,2387.46655,63.9980469
1635.0,250.0,0.4929779,0.748901367,2388.93335,63.9980469
1636.0,250.0,0.493682146,0.735168457,2390.4,63.9980469
1637.0,250.0,0.5190353,0.7131958,2391.8667,63.9980469
1638.0,250.0,0.505654454,0.730285645,2393.33325,63.9980469
1639.0,250.0,0.4915694,0.7595825,2394.8,63.9980469
1640.0,250.0,0.50776726,0.735473633,2396.4,63.9980469
1641.0,250.0,0.5387544,0.692443848,2397.8667,63.9980469
1642.0,250.0,0.5049502,0.7217407,2399.33325,63.9980469
1643.0,250.0,0.5204438,0.7498169,2400.8,63.9980469
1644.0,250.0,0.526077867,0.715026855,2402.2666,63.9980469
1645.0,250.0,0.5317119,0.7122803,2403.7334,63.9980469
1646.0,250.0,0.526077867,0.7336426,2405.33325,63.9980469
1647.0,250.0,0.523965061,0.7357788,2406.8,63.9980469
1648.0,250.0,0.536641657,0.702514648,2408.2666,63.9980469
1649.0,250.0,0.5281906,0.691223145,2409.7334,63.9980469
1650.0,250.0,0.5190353,0.74005127,2411.2,63.9980469
1651.0,250.0,0.5281906,0.7418823,2412.66675,63.9980469
1652.0,250.0,0.5274863,0.7122803,2414.2666,63.9980469
1653.0,250.0,0.5204438,0.7312012,2415.7334,63.9980469
1654.0,250.0,0.522556543,0.7336426,2417.2,63.9980469
1655.0,250.0,0.497907668,0.715026855,2418.66675,63.9980469
1656.0,250.0,0.524669349,0.7104492,2420.1333,63.9980469
1657.0,250.0,0.506358743,0.7382202,2421.6,63.9980469
1658.0,250.0,0.4929779,0.7495117,2423.2,63.9980469
1659.0,250.0,0.516922534,0.716247559,2424.66675,63.9980469
1660.0,250.0,0.5021332,0.7223511,2426.1333,63.9980469
1661.0,250.0,0.488752365,0.733947754,2427.6,63.9980469
1662.0,250.0,0.5091757,0.7235718,2429.06665,63.9980469
1663.0,250.0,0.518331051,0.7116699,2430.53345,63.9980469
1664.0,250.0,0.488752365,0.757751465,2432.1333,63.9980469
1665.0,250.0,0.5204438,0.76171875,2433.6,63.9980469
1666.0,250.0,0.510584235,0.7244873,2435.06665,63.9980469
1667.0,250.0,0.511992753,0.729980469,2436.53345,63.9980469
1668.0,250.0,0.511992753,0.7470703,2438.0,63.9980469
1669.0,250.0,0.5007247,0.7345581,2439.46655,63.9980469
1670.0,250.0,0.524669349,0.7336426,2441.06665,63.9980469
1671.0,250.0,0.50776726,0.7418823,2442.53345,63.9980469
1672.0,250.0,0.50776726,0.7498169,2444.0,63.9980469
1673.0,250.0,0.5267821,0.725097656,2445.46655,63.9980469
1674.0,250.0,0.498611927,0.7122803,2446.93335,63.9980469
1675.0,250.0,0.5112885,0.7324219,2448.53345,63.9980469
1676.0,250.0,0.5162183,0.715026855,2450.0,63.9980469
1677.0,250.0,0.500020444,0.7119751,2451.46655,63.9980469
1678.0,250.0,0.5148098,0.7232666,2452.93335,63.9980469
1679.0,250.0,0.5162183,0.7122803,2454.4,63.9980469
1680.0,250.0,0.498611927,0.7116699,2455.8667,63.9980469
1681.0,250.0,0.5267821,0.6951904,2457.46655,63.9980469
1682.0,250.0,0.523260832,0.699768066,2458.93335,63.9980469
1683.0,250.0,0.505654454,0.7128906,2460.4,63.9980469
1684.0,250.0,0.518331051,0.7119751,2461.8667,63.9980469
1685.0,250.0,0.5267821,0.6921387,2463.33325,63.9980469
1686.0,250.0,0.5084715,0.7019043,2464.93335,63.9980469
1687.0,250.0,0.50776726,0.6915283,2466.4,63.9980469
1688.0,250.0,0.5253736,0.690917969,2467.8667,63.9980469
1689.0,250.0,0.5112885,0.7095337,2469.33325,63.9980469
1690.0,250.0,0.51340127,0.7220459,2470.8,63.9980469
1691.0,250.0,0.516922534,0.7147217,2472.2666,63.9980469
1692.0,250.0,0.50988,0.6939697,2473.8667,63.9980469
1693.0,250.0,0.5281906,0.699768066,2475.33325,63.9980469
1694.0,250.0,0.5091757,0.712585449,2476.8,63.9980469
1695.0,250.0,0.5253736,0.7122803,2478.2666,63.9980469
1696.0,250.0,0.528894842,0.7217407,2479.7334,63.9980469
1697.0,250.0,0.518331051,0.7348633,2481.2,63.9980469
1698.0,250.0,0.516922534,0.7336426,2482.8,63.9980469
1699.0,250.0,0.526077867,0.7241821,2484.2666,63.9980469
1700.0,250.0,0.5274863,0.712585449,2485.7334,63.9980469
1701.0,250.0,0.5211481,0.7220459,2487.2,63.9980469
1702.0,250.0,0.528894842,0.733947754,2488.66675,63.9980469
1703.0,250.0,0.53523314,0.7147217,2490.1333,63.9980469
1704.0,250.0,0.5317119,0.7333374,2491.7334,63.9980469
1705.0,250.0,0.5380502,0.7421875,2493.2,63.9980469
1706.0,250.0,0.523965061,0.7342529,2494.66675,63.9980469
1707.0,250.0,0.5380502,0.713501,2496.1333,63.9980469
1708.0,250.0,0.5465012,0.7122803,2497.6,63.9980469
1709.0,250.0,0.5331204,0.7470703,2499.06665,63.9980469
1710.0,250.0,0.536641657,0.7498169,2500.66675,63.9980469
1711.0,250.0,0.5507267,0.7156372,2502.1333,63.9980469
1712.0,250.0,0.551431,0.7312012,2503.6,63.9980469
1713.0,250.0,0.541571438,0.758667,2505.06665,63.9980469
1714.0,250.0,0.547909737,0.7531738,2506.53345,63.9980469
1715.0,250.0,0.5697416,0.7333374,2508.0,63.9980469
1716.0,250.0,0.554248035,0.747680664,2509.6,63.9980469
1717.0,250.0,0.5387544,0.7711792,2511.06665,63.9980469
1718.0,250.0,0.5774884,0.7522583,2512.53345,63.9980469
1719.0,250.0,0.554952264,0.7336426,2514.0,63.9980469
1720.0,250.0,0.553543746,0.758972168,2515.46655,63.9980469
1721.0,250.0,0.554248035,0.7714844,2516.93335,63.9980469
1722.0,250.0,0.549318254,0.752868652,2518.53345,63.9980469
1723.0,250.0,0.561290562,0.7498169,2520.0,63.9980469
1724.0,250.0,0.530303359,0.750427246,2521.46655,63.9980469
1725.0,250.0,0.530303359,0.742797852,2522.93335,63.9980469
1726.0,250.0,0.5507267,0.713806152,2524.4,63.9980469
1727.0,250.0,0.5211481,0.708313,2525.8667,63.9980469
1728.0,250.0,0.530303359,0.732727051,2527.46655,63.9980469
1729.0,250.0,0.536641657,0.723876953,2528.93335,63.9980469
1730.0,250.0,0.549318254,0.7119751,2530.4,63.9980469
1731.0,250.0,0.542275667,0.712585449,2531.8667,63.9980469
1732.0,250.0,0.5281906,0.7330322,2533.33325,63.9980469
1733.0,250.0,0.53523314,0.713501,2534.93335,63.9980469
1734.0,250.0,0.551431,0.7128906,2536.4,63.9980469
1735.0,250.0,0.524669349,0.747680664,2537.8667,63.9980469
1736.0,250.0,0.528894842,0.743103,2539.33325,63.9980469
1737.0,250.0,0.5563608,0.7235718,2540.8,63.9980469
1738.0,250.0,0.5338246,0.740356445,2542.2666,63.9980469
1739.0,250.0,0.5338246,0.7501221,2543.8667,63.9980469
1740.0,250.0,0.5465012,0.73638916,2545.33325,63.9980469
1741.0,250.0,0.5373459,0.741577148,2546.8,63.9980469
1742.0,250.0,0.5401629,0.7803345,2548.2666,63.9980469
1743.0,250.0,0.5380502,0.7611084,2549.7334,63.9980469
1744.0,250.0,0.5338246,0.73638916,2551.2,63.9980469
1745.0,250.0,0.5507267,0.733947754,2552.8,63.9980469
1746.0,250.0,0.5176268,0.7498169,2554.2666,63.9980469
1747.0,250.0,0.5331204,0.749206543,2555.7334,63.9980469
1748.0,250.0,0.5500225,0.737609863,2557.2,63.9980469
1749.0,250.0,0.5317119,0.748901367,2558.66675,63.9980469
1750.0,250.0,0.542275667,0.7495117,2560.1333,63.9980469
1751.0,250.0,0.5345289,0.7424927,2561.7334,63.9980469
1752.0,250.0,0.5521352,0.733947754,2563.2,63.9980469
1753.0,250.0,0.5394587,0.747680664,2564.66675,63.9980469
1754.0,250.0,0.516922534,0.748901367,2566.1333,63.9980469
1755.0,250.0,0.553543746,0.7498169,2567.6,63.9980469
1756.0,250.0,0.5465012,0.736084,2569.06665,63.9980469
1757.0,250.0,0.5331204,0.7409668,2570.66675,63.9980469
1758.0,250.0,0.5436842,0.7495117,2572.1333,63.9980469
1759.0,250.0,0.549318254,0.7342529,2573.6,63.9980469
1760.0,250.0,0.5577693,0.7342529,2575.06665,63.9980469
1761.0,250.0,0.5387544,0.740356445,2576.53345,63.9980469
1762.0,250.0,0.5500225,0.7507324,2578.0,63.9980469
1763.0,250.0,0.554248035,0.7357788,2579.6,63.9980469
1764.0,250.0,0.5450927,0.713501,2581.06665,63.9980469
1765.0,250.0,0.5408672,0.7220459,2582.53345,63.9980469
1766.0,250.0,0.5507267,0.7336426,2584.0,63.9980469
1767.0,250.0,0.547909737,0.7336426,2585.46655,63.9980469
1768.0,250.0,0.5324161,0.733947754,2587.06665,63.9980469
1769.0,250.0,0.5528395,0.733947754,2588.53345,63.9980469
1770.0,250.0,0.5394587,0.7333374,2590.0,63.9980469
1771.0,250.0,0.547909737,0.7336426,2591.46655,63.9980469
1772.0,250.0,0.541571438,0.7342529,2592.93335,63.9980469
1773.0,250.0,0.5324161,0.7495117,2594.4,63.9980469
1774.0,250.0,0.5605863,0.750427246,2596.0,63.9980469
1775.0,250.0,0.5394587,0.7348633,2597.46655,63.9980469
1776.0,250.0,0.5317119,0.7498169,2598.93335,63.9980469
1777.0,250.0,0.5605863,0.73638916,2600.4,63.9980469
1778.0,250.0,0.5450927,0.7336426,2601.8667,63.9980469
1779.0,250.0,0.549318254,0.74798584,2603.33325,63.9980469
1780.0,250.0,0.5563608,0.7696533,2604.93335,63.9980469
1781.0,250.0,0.5387544,0.771789551,2606.4,63.9980469
1782.0,250.0,0.557065,0.7501221,2607.8667,63.9980469
1783.0,250.0,0.5380502,0.7336426,2609.33325,63.9980469
1784.0,250.0,0.542275667,0.7495117,2610.8,63.9980469
1785.0,250.0,0.5563608,0.7333374,2612.2666,63.9980469
1786.0,250.0,0.5450927,0.74798584,2613.8667,63.9980469
1787.0,250.0,0.5465012,0.7595825,2615.33325,63.9980469
1788.0,250.0,0.5359374,0.7623291,2616.8,63.9980469
1789.0,250.0,0.553543746,0.735168457,2618.2666,63.9980469
1790.0,250.0,0.5500225,0.7470703,2619.7334,63.9980469
1791.0,250.0,0.5317119,0.7711792,2621.2,63.9980469
1792.0,250.0,0.5450927,0.7531738,2622.8,63.9980469
1793.0,250.0,0.548613966,0.7501221,2624.2666,63.9980469
1794.0,250.0,0.547205448,0.7507324,2625.7334,63.9980469
1795.0,250.0,0.5401629,0.770874,2627.2,63.9980469
1796.0,250.0,0.5450927,0.7507324,2628.66675,63.9980469
1797.0,250.0,0.5401629,0.7336426,2630.1333,63.9980469
1798.0,250.0,0.53523314,0.7333374,2631.7334,63.9980469
1799.0,250.0,0.5345289,0.7498169,2633.2,63.9980469
1800.0,250.0,0.5408672,0.7495117,2634.66675,63.9980469
1801.0,250.0,0.547909737,0.743103,2636.1333,63.9980469
1802.0,250.0,0.5317119,0.733947754,2637.6,63.9980469
1803.0,250.0,0.528894842,0.733947754,2639.2,63.9980469
1804.0,250.0,0.547205448,0.7336426,2640.66675,63.9980469
1805.0,250.0,0.52959913,0.733947754,2642.1333,63.9980469
1806.0,250.0,0.5331204,0.7348633,2643.6,63.9980469
1807.0,250.0,0.5380502,0.7333374,2645.06665,63.9980469
1808.0,250.0,0.5345289,0.7333374,2646.53345,63.9980469
1809.0,250.0,0.5359374,0.7333374,2648.1333,63.9980469
1810.0,250.0,0.5253736,0.7159424,2649.6,63.9980469
1811.0,250.0,0.519739568,0.7324219,2651.06665,63.9980469
1812.0,250.0,0.5563608,0.747680664,2652.53345,63.9980469
1813.0,250.0,0.5253736,0.7501221,2654.0,63.9980469
1814.0,250.0,0.516922534,0.7611084,2655.46655,63.9980469
1815.0,250.0,0.5634033,0.7421875,2657.06665,63.9980469
1816.0,250.0,0.5394587,0.748291,2658.53345,63.9980469
1817.0,250.0,0.5373459,0.771789551,2660.0,63.9980469
1818.0,250.0,0.545796931,0.770874,2661.46655,63.9980469
1819.0,250.0,0.542979956,0.7720947,2662.93335,63.9980469
1820.0,250.0,0.551431,0.7723999,2664.4,63.9980469
1821.0,250.0,0.542275667,0.7714844,2666.0,63.9980469
1822.0,250.0,0.531007648,0.771789551,2667.46655,63.9980469
1823.0,250.0,0.559882045,0.7519531,2668.93335,63.9980469
1824.0,250.0,0.5338246,0.7687378,2670.4,63.9980469
1825.0,250.0,0.5331204,0.7928467,2671.8667,63.9980469
1826.0,250.0,0.545796931,0.793151855,2673.33325,63.9980469
1827.0,250.0,0.5443885,0.7510376,2674.93335,63.9980469
1828.0,250.0,0.5465012,0.7495117,2676.4,63.9980469
1829.0,250.0,0.5394587,0.7501221,2677.8667,63.9980469
1830.0,250.0,0.5507267,0.752868652,2679.33325,63.9980469
1831.0,250.0,0.5507267,0.749206543,2680.8,63.9980469
1832.0,250.0,0.548613966,0.7598877,2682.2666,63.9980469
1833.0,250.0,0.5648118,0.770568848,2683.8667,63.9980469
1834.0,250.0,0.5619948,0.7513428,2685.33325,63.9980469
1835.0,250.0,0.542275667,0.7501221,2686.8,63.9980469
1836.0,250.0,0.561290562,0.7501221,2688.2666,63.9980469
1837.0,250.0,0.554248035,0.750427246,2689.7334,63.9980469
1838.0,250.0,0.554248035,0.748901367,2691.33325,63.9980469
1839.0,250.0,0.565516055,0.750427246,2692.8,63.9980469
1840.0,250.0,0.551431,0.7495117,2694.2666,63.9980469
1841.0,250.0,0.5528395,0.750427246,2695.7334,63.9980469
1842.0,250.0,0.5591778,0.7345581,2697.2,63.9980469
1843.0,250.0,0.5584735,0.7406616,2698.66675,63.9980469
1844.0,250.0,0.5591778,0.770568848,2700.2666,63.9980469
1845.0,250.0,0.5683331,0.7711792,2701.7334,63.9980469
1846.0,250.0,0.5605863,0.7714844,2703.2,63.9980469
1847.0,250.0,0.5634033,0.771789551,2704.66675,63.9980469
1848.0,250.0,0.5619948,0.7711792,2706.1333,63.9980469
1849.0,250.0,0.5697416,0.7714844,2707.6,63.9980469
1850.0,250.0,0.5394587,0.7901001,2709.06665,63.9980469
1851.0,250.0,0.565516055,0.7937622,2710.66675,63.9980469
1852.0,250.0,0.5803054,0.7922363,2712.1333,63.9980469
1853.0,250.0,0.5556565,0.793151855,2713.6,63.9980469
1854.0,250.0,0.585939467,0.7937622,2715.06665,63.9980469
1855.0,250.0,0.5711501,0.7723999,2716.53345,63.9980469
1856.0,250.0,0.5690373,0.78125,2718.0,63.9980469
1857.0,250.0,0.590164959,0.8001709,2719.6,63.9980469
1858.0,250.0,0.570445836,0.809021,2721.06665,63.9980469
1859.0,250.0,0.5739671,0.809631348,2722.53345,63.9980469
1860.0,250.0,0.608475566,0.774536133,2724.0,63.9980469
1861.0,250.0,0.5648118,0.780639648,2725.46655,63.9980469
1862.0,250.0,0.5873479,0.8010864,2726.93335,63.9980469
1863.0,250.0,0.592982,0.7836914,2728.53345,63.9980469
1864.0,250.0,0.5873479,0.780639648,2730.0,63.9980469
1865.0,250.0,0.5979118,0.8078003,2731.46655,63.9980469
1866.0,250.0,0.5810097,0.8016968,2732.93335,63.9980469
1867.0,250.0,0.5993203,0.774536133,2734.4,63.9980469
1868.0,250.0,0.6049543,0.7711792,2735.8667,63.9980469
1869.0,250.0,0.5760799,0.7904053,2737.46655,63.9980469
1870.0,250.0,0.5972075,0.7928467,2738.93335,63.9980469
1871.0,250.0,0.6049543,0.7720947,2740.4,63.9980469
1872.0,250.0,0.583122432,0.771789551,2741.8667,63.9980469
1873.0,250.0,0.5943905,0.7711792,2743.33325,63.9980469
1874.0,250.0,0.6000245,0.7510376,2744.93335,63.9980469
1875.0,250.0,0.592982,0.758972168,2746.4,63.9980469
1876.0,250.0,0.5852352,0.780639648,2747.8667,63.9980469
1877.0,250.0,0.589460731,0.7748413,2749.33325,63.9980469
1878.0,250.0,0.592982,0.771789551,2750.8,63.9980469
1879.0,250.0,0.6000245,0.771789551,2752.2666,63.9980469
1880.0,250.0,0.5711501,0.7913208,2753.8667,63.9980469
1881.0,250.0,0.5972075,0.771789551,2755.33325,63.9980469
1882.0,250.0,0.5972075,0.7711792,2756.8,63.9980469
1883.0,250.0,0.583122432,0.799560547,2758.2666,63.9980469
1884.0,250.0,0.589460731,0.8087158,2759.7334,63.9980469
1885.0,250.0,0.5972075,0.7928467,2761.2,63.9980469
1886.0,250.0,0.6000245,0.78125,2762.8,63.9980469
1887.0,250.0,0.5711501,0.7940674,2764.2666,63.9980469
1888.0,250.0,0.6007288,0.793457031,2765.7334,63.9980469
1889.0,250.0,0.6000245,0.7922363,2767.2,63.9980469
1890.0,250.0,0.5873479,0.7940674,2768.66675,63.9980469
1891.0,250.0,0.588756442,0.809021,2770.1333,63.9980469
1892.0,250.0,0.592982,0.7949829,2771.7334,63.9980469
1893.0,250.0,0.5915735,0.7714844,2773.2,63.9980469
1894.0,250.0,0.583122432,0.7711792,2774.66675,63.9980469
1895.0,250.0,0.576784134,0.791931152,2776.1333,63.9980469
1896.0,250.0,0.5788969,0.793457031,2777.6,63.9980469
1897.0,250.0,0.5824182,0.7720947,2779.06665,63.9980469
1898.0,250.0,0.590869248,0.7720947,2780.66675,63.9980469
1899.0,250.0,0.566220343,0.791931152,2782.1333,63.9980469
1900.0,250.0,0.5739671,0.7723999,2783.6,63.9980469
1901.0,250.0,0.5915735,0.7498169,2785.06665,63.9980469
1902.0,250.0,0.564107537,0.7601929,2786.53345,63.9980469
1903.0,250.0,0.571854353,0.7922363,2788.1333,63.9980469
1904.0,250.0,0.5824182,0.762939453,2789.6,63.9980469
1905.0,250.0,0.5739671,0.7345581,2791.06665,63.9980469
1906.0,250.0,0.5648118,0.7495117,2792.53345,63.9980469
1907.0,250.0,0.5556565,0.7501221,2794.0,63.9980469
1908.0,250.0,0.578192651,0.7357788,2795.6,63.9980469
1909.0,250.0,0.56762886,0.7333374,2797.06665,63.9980469
1910.0,250.0,0.5500225,0.767822266,2798.53345,63.9980469
1911.0,250.0,0.5746714,0.7446289,2800.0,63.9980469
1912.0,250.0,0.561290562,0.715332031,2801.46655,63.9980469
1913.0,250.0,0.559882045,0.7330322,2802.93335,63.9980469
1914.0,250.0,0.5732629,0.759277344,2804.53345,63.9980469
1915.0,250.0,0.5450927,0.749206543,2806.0,63.9980469
1916.0,250.0,0.5760799,0.7510376,2807.46655,63.9980469
1917.0,250.0,0.559882045,0.769042969,2808.93335,63.9980469
1918.0,250.0,0.5450927,0.7714844,2810.4,63.9980469
1919.0,250.0,0.5605863,0.7501221,2812.0,63.9980469
1920.0,250.0,0.5626991,0.740356445,2813.46655,63.9980469
1921.0,250.0,0.5465012,0.789489746,2814.93335,63.9980469
1922.0,250.0,0.5331204,0.7839966,2816.4,63.9980469
1923.0,250.0,0.576784134,0.752868652,2817.8667,63.9980469
1924.0,250.0,0.5605863,0.769348145,2819.33325,63.9980469
1925.0,250.0,0.554248035,0.791931152,2820.8,63.9980469
1926.0,250.0,0.5465012,0.7751465,2822.4,63.9980469
1927.0,250.0,0.5880522,0.750427246,2823.8667,63.9980469
1928.0,250.0,0.5634033,0.7965088,2825.33325,63.9980469
1929.0,250.0,0.5711501,0.809631348,2826.8,63.9980469
1930.0,250.0,0.5774884,0.7839966,2828.2666,63.9980469
1931.0,250.0,0.596503258,0.7720947,2829.7334,63.9980469
1932.0,250.0,0.5774884,0.806884766,2831.33325,63.9980469
1933.0,250.0,0.590869248,0.809631348,2832.8,63.9980469
1934.0,250.0,0.596503258,0.7937622,2834.2666,63.9980469
1935.0,250.0,0.596503258,0.8062744,2835.7334,63.9980469
1936.0,250.0,0.5993203,0.829772949,2837.2,63.9980469
1937.0,250.0,0.595799,0.8099365,2838.66675,63.9980469
1938.0,250.0,0.6127011,0.7928467,2840.2666,63.9980469
1939.0,250.0,0.608475566,0.7937622,2841.7334,63.9980469
1940.0,250.0,0.602137268,0.808410645,2843.2,63.9980469
1941.0,250.0,0.625377655,0.8288574,2844.66675,63.9980469
1942.0,250.0,0.626081944,0.8123779,2846.1333,63.9980469
1943.0,250.0,0.6155181,0.8291626,2847.6,63.9980469
1944.0,250.0,0.6204479,0.8093262,2849.2,63.9980469
1945.0,250.0,0.625377655,0.7928467,2850.66675,63.9980469
1946.0,250.0,0.626081944,0.8078003,2852.1333,63.9980469
1947.0,250.0,0.6190394,0.8087158,2853.6,63.9980469
1948.0,250.0,0.619743645,0.808410645,2855.06665,63.9980469
1949.0,250.0,0.6331245,0.8087158,2856.53345,63.9980469
1950.0,250.0,0.632420242,0.809021,2858.0,63.9980469
1951.0,250.0,0.6246734,0.809021,2859.6,63.9980469
1952.0,250.0,0.639462769,0.8087158,2861.06665,63.9980469
1953.0,250.0,0.643688262,0.809631348,2862.53345,63.9980469
1954.0,250.0,0.6281947,0.817260742,2864.0,63.9980469
1955.0,250.0,0.6331245,0.8300781,2865.46655,63.9980469
1956.0,250.0,0.65002656,0.820922852,2866.93335,63.9980469
1957.0,250.0,0.642984033,0.8099365,2868.53345,63.9980469
1958.0,250.0,0.6190394,0.8276367,2870.0,63.9980469
1959.0,250.0,0.6281947,0.8303833,2871.46655,63.9980469
1960.0,250.0,0.6331245,0.8093262,2872.93335,63.9980469
1961.0,250.0,0.6105883,0.827331543,2874.4,63.9980469
1962.0,250.0,0.613405347,0.830993652,2875.8667,63.9980469
1963.0,250.0,0.626081944,0.803222656,2877.46655,63.9980469
1964.0,250.0,0.614813864,0.7925415,2878.93335,63.9980469
1965.0,250.0,0.607771337,0.7998657,2880.4,63.9980469
1966.0,250.0,0.613405347,0.8087158,2881.8667,63.9980469
1967.0,250.0,0.607771337,0.809021,2883.33325,63.9980469
1968.0,250.0,0.6190394,0.793457031,2884.93335,63.9980469
1969.0,250.0,0.59509474,0.799560547,2886.4,63.9980469
1970.0,250.0,0.6049543,0.8026123,2887.8667,63.9980469
1971.0,250.0,0.6105883,0.763855,2889.33325,63.9980469
1972.0,250.0,0.6000245,0.7675171,2890.8,63.9980469
1973.0,250.0,0.5915735,0.7922363,2892.2666,63.9980469
1974.0,250.0,0.596503258,0.794372559,2893.8667,63.9980469
1975.0,250.0,0.6183351,0.7727051,2895.33325,63.9980469
1976.0,250.0,0.6007288,0.7711792,2896.8,63.9980469
1977.0,250.0,0.585939467,0.7925415,2898.2666,63.9980469
1978.0,250.0,0.6204479,0.771789551,2899.7334,63.9980469
1979.0,250.0,0.6063628,0.771789551,2901.33325,63.9980469
1980.0,250.0,0.5972075,0.805664063,2902.8,63.9980469
1981.0,250.0,0.607771337,0.8087158,2904.2666,63.9980469
1982.0,250.0,0.607067049,0.774536133,2905.7334,63.9980469
1983.0,250.0,0.6112926,0.7711792,2907.2,63.9980469
1984.0,250.0,0.6000245,0.793457031,2908.66675,63.9980469
1985.0,250.0,0.6169266,0.803222656,2910.2666,63.9980469
1986.0,250.0,0.6169266,0.8004761,2911.7334,63.9980469
1987.0,250.0,0.605658531,0.8087158,2913.2,63.9980469
1988.0,250.0,0.6190394,0.8093262,2914.66675,63.9980469
1989.0,250.0,0.6204479,0.793457031,2916.1333,63.9980469
1990.0,250.0,0.6415755,0.7925415,2917.6,63.9980469
1991.0,250.0,0.6296032,0.8065796,2919.2,63.9980469
1992.0,250.0,0.6338287,0.8200073,2920.66675,63.9980469
1993.0,250.0,0.650730848,0.808410645,2922.1333,63.9980469
1994.0,250.0,0.648618042,0.8178711,2923.6,63.9980469
1995.0,250.0,0.6422798,0.8218384,2925.06665,63.9980469
1996.0,250.0,0.642984033,0.794372559,2926.53345,63.9980469
1997.0,250.0,0.650730848,0.7723999,2928.1333,63.9980469
1998.0,250.0,0.6465053,0.805969238,2929.6,63.9980469
1999.0,250.0,0.6218564,0.8303833,2931.06665,63.9980469
2000.0,250.0,0.6338287,0.812072754,2932.53345,63.9980469
2001.0,250.0,0.6359415,0.7928467,2934.0,63.9980469
2002.0,250.0,0.626081944,0.808105469,2935.46655,63.9980469
2003.0,250.0,0.6267862,0.8087158,2937.06665,63.9980469
2004.0,250.0,0.6267862,0.809021,2938.53345,63.9980469
2005.0,250.0,0.6591819,0.809631348,2940.0,63.9980469
2006.0,250.0,0.6296032,0.8389282,2941.46655,63.9980469
2007.0,250.0,0.63735,0.8520508,2942.93335,63.9980469
2008.0,250.0,0.661294639,0.8343506,2944.4,63.9980469
2009.0,250.0,0.6408713,0.8306885,2946.0,63.9980469
2010.0,250.0,0.6514351,0.829772949,2947.46655,63.9980469
2011.0,250.0,0.6331245,0.8428955,2948.93335,63.9980469
2012.0,250.0,0.65002656,0.8520508,2950.4,63.9980469
2013.0,250.0,0.662703156,0.8432007,2951.8667,63.9980469
2014.0,250.0,0.643688262,0.8493042,2953.33325,63.9980469
2015.0,250.0,0.6591819,0.8520508,2954.93335,63.9980469
2016.0,250.0,0.6542521,0.833740234,2956.4,63.9980469
2017.0,250.0,0.648618042,0.8303833,2957.8667,63.9980469
2018.0,250.0,0.6584776,0.8496094,2959.33325,63.9980469
2019.0,250.0,0.6450968,0.866088867,2960.8,63.9980469
2020.0,250.0,0.661294639,0.843505859,2962.2666,63.9980469
2021.0,250.0,0.656364858,0.822143555,2963.8667,63.9980469
2022.0,250.0,0.6521393,0.8300781,2965.33325,63.9980469
2023.0,250.0,0.6472095,0.83984375,2966.8,63.9980469
2024.0,250.0,0.650730848,0.830993652,2968.2666,63.9980469
2025.0,250.0,0.6542521,0.829772949,2969.7334,63.9980469
2026.0,250.0,0.6338287,0.8496094,2971.2,63.9980469
2027.0,250.0,0.638054252,0.833740234,2972.8,63.9980469
2028.0,250.0,0.6352372,0.8026123,2974.2666,63.9980469
2029.0,250.0,0.630307436,0.8074951,2975.7334,63.9980469
2030.0,250.0,0.6267862,0.829772949,2977.2,63.9980469
2031.0,250.0,0.6225607,0.8306885,2978.66675,63.9980469
2032.0,250.0,0.634533,0.8312988,2980.1333,63.9980469
2033.0,250.0,0.626081944,0.830993652,2981.7334,63.9980469
2034.0,250.0,0.6239692,0.8306885,2983.2,63.9980469
2035.0,250.0,0.6472095,0.8099365,2984.66675,63.9980469
2036.0,250.0,0.6162224,0.8383179,2986.1333,63.9980469
2037.0,250.0,0.627490461,0.852355957,2987.6,63.9980469
2038.0,250.0,0.6338287,0.842285156,2989.06665,63.9980469
2039.0,250.0,0.6127011,0.8520508,2990.66675,63.9980469
2040.0,250.0,0.638054252,0.8520508,2992.1333,63.9980469
2041.0,250.0,0.6042501,0.8312988,2993.6,63.9980469
2042.0,250.0,0.6267862,0.8123779,2995.06665,63.9980469
2043.0,250.0,0.621152163,0.8276367,2996.53345,63.9980469
2044.0,250.0,0.6049543,0.8505249,2998.0,63.9980469
2045.0,250.0,0.625377655,0.8544922,2999.6,63.9980469
2046.0,250.0,0.6232649,0.8428955,3001.06665,63.9980469
2047.0,250.0,0.630307436,0.8395386,3002.53345,63.9980469
2048.0,250.0,0.632420242,0.8432007,3004.0,63.9980469
2049.0,250.0,0.626081944,0.8303833,3005.46655,63.9980469
2050.0,250.0,0.6556606,0.8389282,3006.93335,63.9980469
2051.0,250.0,0.643688262,0.866088867,3008.53345,63.9980469
2052.0,250.0,0.648618042,0.8795166,3010.0,63.9980469
2053.0,250.0,0.673266947,0.855102539,3011.46655,63.9980469
2054.0,250.0,0.661294639,0.8532715,3012.93335,63.9980469
2055.0,250.0,0.669041455,0.866088867,3014.4,63.9980469
2056.0,250.0,0.6711542,0.8685303,3015.8667,63.9980469
2057.0,250.0,0.679605246,0.86151123,3017.46655,63.9980469
2058.0,250.0,0.676084,0.852355957,3018.93335,63.9980469
2059.0,250.0,0.6887606,0.8670044,3020.4,63.9980469
2060.0,250.0,0.6943946,0.8590698,3021.8667,63.9980469
2061.0,250.0,0.6936903,0.8529663,3023.33325,63.9980469
2062.0,250.0,0.691577554,0.8520508,3024.8,63.9980469
2063.0,250.0,0.6936903,0.8517456,3026.4,63.9980469
2064.0,250.0,0.7021414,0.8654785,3027.8667,63.9980469
2065.0,250.0,0.70425415,0.8691406,3029.33325,63.9980469
2066.0,250.0,0.6866478,0.854187,3030.8,63.9980469
2067.0,250.0,0.7007329,0.852661133,3032.2666,63.9980469
2068.0,250.0,0.7007329,0.8517456,3033.7334,63.9980469
2069.0,250.0,0.685943544,0.876464844,3035.33325,63.9980469
2070.0,250.0,0.6950988,0.881347656,3036.8,63.9980469
2071.0,250.0,0.7021414,0.8691406,3038.2666,63.9980469
2072.0,250.0,0.7007329,0.887146,3039.7334,63.9980469
2073.0,250.0,0.6725627,0.871582031,3041.2,63.9980469
2074.0,250.0,0.6908733,0.8685303,3042.66675,63.9980469
2075.0,250.0,0.70425415,0.859375,3044.2666,63.9980469
2076.0,250.0,0.687352061,0.8868408,3045.7334,63.9980469
2077.0,250.0,0.692281842,0.892334,3047.2,63.9980469
2078.0,250.0,0.6986201,0.8905029,3048.66675,63.9980469
2079.0,250.0,0.7021414,0.8908081,3050.1333,63.9980469
2080.0,250.0,0.6950988,0.8898926,3051.6,63.9980469
2081.0,250.0,0.687352061,0.8908081,3053.2,63.9980469
2082.0,250.0,0.6880563,0.8880615,3054.66675,63.9980469
2083.0,250.0,0.691577554,0.8892822,3056.1333,63.9980469
2084.0,250.0,0.7021414,0.8898926,3057.6,63.9980469
2085.0,250.0,0.6781967,0.890197754,3059.06665,63.9980469
2086.0,250.0,0.6838308,0.8822632,3060.53345,63.9980469
2087.0,250.0,0.6972116,0.8520508,3062.1333,63.9980469
2088.0,250.0,0.667632937,0.8584595,3063.6,63.9980469
2089.0,250.0,0.6866478,0.886535645,3065.06665,63.9980469
2090.0,250.0,0.6943946,0.871582031,3066.53345,63.9980469
2091.0,250.0,0.6866478,0.868835449,3068.0,63.9980469
2092.0,250.0,0.6929861,0.8679199,3069.46655,63.9980469
2093.0,250.0,0.6880563,0.8694458,3071.06665,63.9980469
2094.0,250.0,0.7063669,0.854187,3072.53345,63.9980469
2095.0,250.0,0.6908733,0.8529663,3074.0,63.9980469
2096.0,250.0,0.6950988,0.868835449,3075.46655,63.9980469
2097.0,250.0,0.705662668,0.871276855,3076.93335,63.9980469
2098.0,250.0,0.70425415,0.8520508,3078.53345,63.9980469
2099.0,250.0,0.7021414,0.8520508,3080.0,63.9980469
2100.0,250.0,0.7014371,0.8520508,3081.46655,63.9980469
2101.0,250.0,0.710592449,0.8520508,3082.93335,63.9980469
2102.0,250.0,0.7296073,0.8654785,3084.4,63.9980469
2103.0,250.0,0.7014371,0.8868408,3085.8667,63.9980469
2104.0,250.0,0.7155222,0.8908081,3087.46655,63.9980469
2105.0,250.0,0.733832836,0.856018066,3088.93335,63.9980469
2106.0,250.0,0.7063669,0.857543945,3090.4,63.9980469
2107.0,250.0,0.7021414,0.8892822,3091.8667,63.9980469
2108.0,250.0,0.7070712,0.890197754,3093.33325,63.9980469
2109.0,250.0,0.7303116,0.877685547,3094.8,63.9980469
2110.0,250.0,0.7112967,0.91796875,3096.2666,63.9980469
2111.0,250.0,0.7014371,0.9274292,3097.8667,63.9980469
2112.0,250.0,0.7141137,0.883789063,3099.33325,63.9980469
2113.0,250.0,0.7429881,0.8685303,3100.8,63.9980469
2114.0,250.0,0.721860468,0.91796875,3102.2666,63.9980469
2115.0,250.0,0.7190435,0.9487915,3103.7334,63.9980469
2116.0,250.0,0.7429881,0.915222168,3105.2,63.9980469
2117.0,250.0,0.7507349,0.8987427,3106.8,63.9980469
2118.0,250.0,0.73172003,0.927124,3108.2666,63.9980469
2119.0,250.0,0.726086,0.9210205,3109.7334,63.9980469
2120.0,250.0,0.7429881,0.8908081,3111.2,63.9980469
2121.0,250.0,0.752143443,0.910339355,3112.66675,63.9980469
2122.0,250.0,0.734537065,0.945739746,3114.1333,63.9980469
2123.0,250.0,0.7535519,0.93963623,3115.7334,63.9980469
2124.0,250.0,0.771862566,0.90423584,3117.2,63.9980469
2125.0,250.0,0.7542562,0.910644531,3118.66675,63.9980469
2126.0,250.0,0.765524268,0.927124,3120.1333,63.9980469
2127.0,250.0,0.7725668,0.928039551,3121.6,63.9980469
2128.0,250.0,0.794398665,0.9277344,3123.06665,63.9980469
2129.0,250.0,0.7965114,0.9487915,3124.53345,63.9980469
2130.0,250.0,0.7965114,0.949707031,3126.1333,63.9980469
2131.0,250.0,0.814822,0.9500122,3127.6,63.9980469
2132.0,250.0,0.8141178,0.9500122,3129.06665,63.9980469
2133.0,250.0,0.8127093,0.9588623,3130.53345,63.9980469
2134.0,250.0,0.836653948,0.9844971,3132.0,63.9980469
2135.0,250.0,0.834541142,0.97076416,3133.46655,63.9980469
2136.0,250.0,0.8331326,0.9869385,3134.93335,63.9980469
2137.0,250.0,0.8429922,0.9869385,3136.53345,63.9980469
2138.0,250.0,0.8267944,0.97442627,3138.0,63.9980469
2139.0,250.0,0.847217739,0.97076416,3139.46655,63.9980469
2140.0,250.0,0.8331326,0.987243652,3140.93335,63.9980469
2141.0,250.0,0.8324284,1.00769043,3142.4,63.9980469
2142.0,250.0,0.84651345,1.008606,3143.8667,63.9980469
2143.0,250.0,0.8436965,1.00067139,3145.33325,63.9980469
2144.0,250.0,0.8429922,1.0055542,3146.93335,63.9980469
2145.0,250.0,0.8380624,1.008606,3148.4,63.9980469
2146.0,250.0,0.8662326,1.00891113,3149.8667,63.9980469
2147.0,250.0,0.859190047,1.02813721,3151.33325,63.9980469
2148.0,250.0,0.8598943,1.0458374,3152.8,63.9980469
2149.0,250.0,0.8936985,1.04064941,3154.2666,63.9980469
2150.0,250.0,0.8993325,1.03088379,3155.7334,63.9980469
2151.0,250.0,0.89017725,1.036377,3157.33325,63.9980469
2152.0,250.0,0.912713349,1.06689453,3158.8,63.9980469
2153.0,250.0,0.9098964,1.05896,3160.2666,63.9980469
2154.0,250.0,0.9401793,1.065979,3161.7334,63.9980469
2155.0,250.0,0.9444048,1.09405518,3163.2,63.9980469
2156.0,250.0,0.954264343,1.126709,3164.66675,63.9980469
2157.0,250.0,0.974687755,1.09283447,3166.1333,63.9980469
2158.0,250.0,0.973983467,1.06750488,3167.6,63.9980469
2159.0,250.0,0.9965196,1.11083984,3169.2,63.9980469
2160.0,250.0,0.9880686,1.14746094,3170.66675,63.9980469
2161.0,250.0,1.00144935,1.14105225,3172.1333,63.9980469
2162.0,250.0,1.03173232,1.126709,3173.6,63.9980469
2163.0,250.0,0.9831388,1.14440918,3175.06665,63.9980469
2164.0,250.0,1.02328122,1.13067627,3176.53345,63.9980469
2165.0,250.0,1.0366621,1.09313965,3178.0,63.9980469
2166.0,250.0,1.01835144,1.13250732,3179.46655,63.9980469
2167.0,250.0,1.06271946,1.16424561,3181.06665,63.9980469
2168.0,250.0,1.05708551,1.1517334,3182.53345,63.9980469
2169.0,250.0,1.08384717,1.15478516,3184.0,63.9980469
2170.0,250.0,1.08384717,1.17340088,3185.46655,63.9980469
2171.0,250.0,1.08807266,1.18560791,3186.93335,63.9980469
2172.0,250.0,1.12258112,1.17431641,3188.4,63.9980469
2173.0,250.0,1.10427046,1.21032715,0.0,63.9980469
2174.0,0.0,1.10920024,0.883789063,1.4666667,63.9980469
2175.0,0.0,0.70425415,-2.15179443,2.13333344,63.9980469
2176.0,0.0,0.4084674,-4.416504,1.86666667,63.9980469
2177.0,0.0,0.8500348,-2.09411621,1.4666667,63.9980469
2178.0,0.0,0.856373,1.34246826,1.4666667,63.9980469
2179.0,0.0,0.673971236,1.48742676,1.6,63.9980469
2180.0,0.0,0.634533,0.262146,1.6,63.9980469
2181.0,0.0,0.673266947,0.002746582,1.4666667,63.9980469
2182.0,0.0,0.6774925,0.5075073,1.33333337,63.9980469
2183.0,0.0,0.6514351,0.731506348,1.33333337,63.9980469
2184.0,0.0,0.6127011,0.4901123,1.33333337,63.9980469
2185.0,0.0,0.6169266,0.3326416,1.33333337,63.9980469
2186.0,0.0,0.6105883,0.379943848,1.2,63.9980469
2187.0,0.0,0.5866437,0.4498291,1.2,63.9980469
2188.0,0.0,0.58453095,0.40802002,1.2,63.9980469
2189.0,0.0,0.56762886,0.358581543,1.2,63.9980469
2190.0,0.0,0.570445836,0.355834961,1.2,63.9980469
2191.0,0.0,0.554248035,0.377502441,1.06666672,63.9980469
2192.0,0.0,0.5465012,0.360107422,1.06666672,63.9980469
